58650000
21525000
21525000
19725000
19725000
15000000
15000000
15000000
15000000
15000000
15000000
15000000
15000000
15000000
15000000
15000000
15000000
15000000
15000000
15000000
14175000
14175000
14175000
11475000
11475000
11475000
11475000
11475000
11475000
11475000
11475000
11475000
11475000
11475000
11475000
11475000
9750000
9675000
9675000
9675000
9675000
9675000
9675000
9675000
9675000
9675000
9675000
9675000
9675000
9675000
9675000
9675000
9675000
9675000
9675000
9675000
9675000
9675000
9675000
9675000
9675000
9675000
9675000
9675000
9675000
9675000
9675000
9675000
9675000
9675000
9675000
8025000
8025000
8025000
8025000
8025000
8025000
8025000
8025000
8025000
8025000
8025000
8025000
8025000
8025000
8025000
8025000
8025000
8025000
8025000
8025000
8025000
8025000
8025000
8025000
8025000
8025000
8025000
8025000
8025000
8025000
8025000
8025000
8025000
8025000
8025000
8025000
8025000
7725000
7725000
7725000
7725000
7725000
7725000
7725000
7725000
7725000
7725000
7725000
7725000
7725000
7725000
7725000
7725000
7725000
7725000
7725000
7725000
7725000
7725000
7725000
7725000
7725000
7725000
7725000
6525000
6525000
6525000
6525000
6525000
6525000
6525000
6525000
6525000
6525000
6525000
6525000
6525000
6525000
6525000
6525000
6525000
6525000
6525000
6525000
6525000
6525000
6525000
6525000
6525000
6525000
6525000
6525000
6525000
6525000
6525000
6525000
6525000
6525000
6525000
6525000
6525000
6525000
6525000
6525000
6525000
6525000
6525000
6525000
6525000
6525000
6525000
6525000
6525000
6525000
6525000
6525000
6525000
6525000
6525000
6525000
6525000
6525000
6525000
6525000
6525000
6525000
6525000
6525000
6525000
6525000
6525000
