18600000
20925000
16575000
16425000
16425000
16425000
16425000
16425000
12075000
12075000
12075000
12075000
12075000
9075000
9075000
8400000
8400000
8400000
8400000
8400000
8400000
8400000
8400000
8400000
8400000
8400000
7500000
7500000
7500000
7500000
7500000
7500000
7500000
7500000
7500000
7500000
7500000
7500000
7500000
7500000
7500000
7500000
7500000
7500000
7500000
7500000
7500000
7500000
7500000
7500000
7500000
7500000
7500000
7500000
7500000
7500000
7500000
7500000
7500000
7500000
7500000
7500000
7500000
7500000
7500000
7500000
7500000
7500000
7500000
7500000
7500000
7500000
7500000
7500000
7500000
7500000
7500000
7500000
7500000
7500000
7500000
7500000
7500000
7500000
7500000
7500000
7500000
7500000
7500000
7500000
7500000
7500000
7500000
7500000
7500000
7500000
7425000
7425000
7425000
7425000
7425000
7425000
7350000
7350000
7350000
7350000
7350000
7350000
7350000
7350000
7200000
7200000
7200000
7200000
7200000
7200000
7200000
7200000
7200000
7200000
7200000
7200000
7200000
7200000
7200000
7125000
7125000
7125000
7125000
7125000
7125000
7125000
7125000
7125000
7125000
7125000
7125000
7125000
7125000
7125000
7125000
7125000
7125000
7125000
7125000
7125000
7125000
7125000
7125000
7125000
7125000
7125000
7125000
7125000
7125000
7125000
7125000
7125000
7125000
7125000
5175000
5175000
5175000
5175000
5175000
5175000
5175000
5175000
5175000
5175000
5175000
5175000
5175000
5175000
5175000
5175000
5175000
5175000
5175000
5175000
5175000
5175000
5175000
5175000
5175000
5175000
5175000
5175000
5175000
5175000
5175000
5175000
5175000
5175000
5175000
5175000
5175000
5175000
5175000
5175000
5175000
5175000
