37200000
15825000
13200000
11700000
11700000
11700000
10575000
10575000
10575000
10575000
10575000
10575000
10575000
10575000
10575000
10575000
10575000
10575000
10575000
10575000
10575000
10575000
10575000
10350000
10350000
10350000
10350000
10350000
9150000
9150000
9150000
9150000
9150000
9150000
9150000
9150000
9150000
9150000
9150000
9150000
9150000
9150000
9150000
9150000
9150000
9150000
9150000
9150000
9150000
9150000
9150000
9150000
9150000
9150000
9150000
9150000
9150000
9150000
9150000
9000000
9000000
9000000
9000000
9000000
9000000
9000000
8025000
8025000
8025000
8025000
8025000
8025000
8025000
8025000
8025000
8025000
8025000
8025000
8025000
8025000
8025000
8025000
8025000
8025000
8025000
8025000
8025000
8025000
8025000
8025000
8025000
8025000
8025000
8025000
8025000
8025000
8025000
8025000
8025000
8025000
8025000
8025000
8025000
8025000
8025000
8025000
8025000
8025000
8025000
8025000
8025000
8025000
8025000
8025000
6000000
6000000
6000000
6000000
6000000
6000000
6000000
6000000
6000000
6000000
6000000
6000000
6000000
6000000
6000000
6000000
6000000
6000000
6000000
6000000
6000000
6000000
6000000
6000000
6000000
6000000
6000000
6000000
6000000
6000000
6000000
6000000
6000000
6000000
6000000
6000000
6000000
6000000
6000000
6000000
6000000
6000000
6000000
6000000
6000000
6000000
6000000
6000000
6000000
6000000
6000000
6000000
6000000
6000000
6000000
6000000
6000000
6000000
6000000
6000000
6000000
6000000
6000000
6000000
6000000
6000000
6000000
6000000
6000000
6000000
6000000
6000000
6000000
6000000
6000000
5100000
5100000
5100000
5100000
5100000
5100000
5100000
5100000
5100000
5100000
5100000
5100000
5100000
