34125000
16425000
13875000
13875000
13875000
13875000
13875000
13875000
13875000
13875000
13875000
13875000
13875000
13575000
13575000
13575000
13575000
12300000
12300000
12300000
12300000
12300000
12300000
12300000
12300000
12300000
12300000
12300000
12300000
12300000
10800000
10800000
10800000
10800000
10800000
10800000
10800000
10800000
10800000
10800000
10800000
10800000
10800000
8850000
8850000
8850000
8700000
8700000
8700000
8700000
8700000
8700000
8700000
8700000
8700000
8700000
8700000
8700000
8700000
8700000
8700000
8700000
8700000
8700000
8700000
8700000
8700000
8700000
8700000
8700000
8700000
8700000
8700000
8700000
8700000
8700000
8700000
8700000
8700000
8700000
8700000
8700000
8700000
8700000
8700000
8700000
8700000
8700000
8700000
8700000
8700000
8700000
8700000
8700000
8700000
8700000
8700000
8700000
8700000
8700000
8700000
8700000
8700000
8700000
8700000
8700000
8700000
8700000
8700000
8700000
8700000
8700000
8700000
8700000
8700000
8700000
8700000
8700000
8700000
8700000
8700000
8700000
8700000
8700000
8700000
8700000
8700000
8700000
8700000
8700000
8700000
8700000
8700000
8700000
8700000
8700000
8700000
8700000
8700000
8700000
8700000
8700000
8700000
8700000
8700000
8700000
8700000
8700000
8700000
8700000
8700000
8700000
8700000
8700000
8700000
8700000
8700000
8700000
8700000
8700000
8700000
8700000
8700000
8700000
8700000
8700000
8700000
8475000
8475000
8475000
8475000
8475000
8475000
8475000
8475000
8475000
8475000
8475000
8475000
8475000
8475000
8475000
8475000
8475000
8475000
8475000
8475000
8475000
8475000
8475000
8475000
8475000
8475000
8475000
8475000
8475000
8400000
8400000
8400000
8400000
8400000
8400000
