783020306727360
485761600551360
485761600551360
267813225492000
267813225492000
242269225266000
160528900597760
138650625585280
103734225452880
103734225452880
103734225452880
103734225452880
103734225452880
96432400586480
52562500480800
48233025606960
38688400573680
38688400573680
38688400573680
38688400573680
38688400573680
33350625587440
29322225634160
29322225634160
29322225634160
27931225566480
26832400633760
26832400633760
24255625394320
24255625394320
24255625394320
24255625394320
24255625394320
24255625394320
15721225593280
15721225593280
15721225593280
15721225593280
15721225593280
15721225593280
15721225593280
15721225593280
15721225593280
15721225593280
15721225593280
15721225593280
15721225593280
14478025625040
12531600514960
12531600514960
12531600514960
10112400601920
7507600466160
7507600466160
7507600466160
7507600466160
7507600466160
7507600466160
7507600466160
7507600466160
7507600466160
7507600466160
7507600466160
7507600466160
7507600466160
7507600466160
7480225570720
7480225570720
7371225491920
7371225491920
7317025364080
7317025364080
7317025364080
7317025364080
7317025364080
7317025364080
7317025364080
7317025364080
7317025364080
7317025364080
7263025552400
7263025552400
7263025552400
7263025552400
7263025552400
7263025552400
7263025552400
7263025552400
7263025552400
7263025552400
7263025552400
7263025552400
7263025552400
7182400523600
7182400523600
7182400523600
7182400523600
7182400523600
7182400523600
7182400523600
7182400523600
7182400523600
