2803967256617840
1125938025584240
922944400637120
450500625332400
450500625332400
353628025372960
353628025372960
160655625422480
160655625422480
160655625422480
94478400302640
94478400302640
94478400302640
94478400302640
62173225403280
28249225504160
28249225504160
28249225504160
28249225504160
28249225504160
28249225504160
27720225494080
27720225494080
27720225494080
21206025514080
21206025514080
21206025514080
21206025514080
21206025514080
21206025514080
20839225472400
20839225472400
20839225472400
16040025353600
13987600452640
13987600452640
13987600452640
13987600452640
13987600452640
13987600452640
13987600452640
12996025474480
12996025474480
12996025474480
12996025474480
10758400485600
10758400485600
10758400485600
10758400485600
10758400485600
10758400485600
10208025474880
10208025474880
10208025474880
10208025474880
10208025474880
10208025474880
10208025474880
10208025474880
10208025474880
10208025474880
10208025474880
10208025474880
10208025474880
10208025474880
10208025474880
10208025474880
10208025474880
10208025474880
10208025474880
8880400455120
8880400455120
8880400455120
8880400455120
8880400455120
8880400455120
8880400455120
8880400455120
8880400455120
8880400455120
8880400455120
8880400455120
8880400455120
8880400455120
8880400455120
8880400455120
8880400455120
8880400455120
8880400455120
8880400455120
8880400455120
8880400455120
8820900576000
8820900576000
8820900576000
8381025492640
8381025492640
8381025492640
8381025492640
8381025492640
8381025492640
8381025492640
