16125000
17550000
16500000
10575000
10575000
10575000
10575000
10575000
10350000
10350000
10350000
10350000
10350000
10350000
10350000
10350000
10350000
10350000
10350000
10350000
9375000
9375000
9375000
9375000
9375000
9375000
9375000
9375000
9375000
9375000
9375000
9375000
9375000
9375000
9375000
9375000
7500000
7500000
7500000
7500000
7500000
7500000
7500000
7500000
7500000
7500000
7500000
7500000
7500000
7500000
7500000
7500000
5250000
5250000
5250000
5250000
5250000
5250000
5250000
5250000
5250000
5175000
5175000
5175000
5175000
5175000
5175000
5175000
5175000
5175000
5175000
5175000
5175000
5175000
5175000
5175000
5175000
5175000
5175000
5175000
5175000
5175000
5175000
5175000
5175000
5175000
5175000
5175000
5175000
5175000
5175000
5175000
5175000
5175000
5175000
5175000
5175000
5175000
5175000
5175000
5175000
5175000
5175000
5175000
5175000
5175000
5175000
5175000
5175000
5175000
5175000
5175000
5175000
5175000
5175000
5175000
5175000
5175000
5175000
5175000
5175000
5175000
5175000
5175000
5175000
5175000
5175000
5175000
5175000
5175000
5175000
5175000
5175000
5175000
5175000
5175000
5175000
5175000
5175000
5175000
5175000
5175000
5175000
5175000
5175000
5175000
5175000
5175000
5175000
5175000
5175000
5175000
5175000
5175000
5175000
5175000
5175000
5175000
5175000
5175000
5175000
5175000
5175000
5175000
5175000
5175000
5175000
5175000
5175000
5175000
5175000
5175000
5175000
5175000
5175000
5175000
5175000
5175000
5175000
5175000
5175000
5175000
5175000
5175000
5175000
5175000
5175000
5175000
5175000
5175000
5175000
5175000
5175000
5175000
5175000
5175000
5175000
5175000
5175000
5175000
5175000
5175000
