16875000
17700000
15375000
15375000
14775000
14550000
14325000
12675000
12675000
12675000
12450000
12450000
12450000
10950000
7800000
7800000
7800000
7800000
7800000
7800000
7800000
7800000
7800000
7800000
7800000
7800000
7800000
7800000
7800000
7800000
7800000
7800000
7800000
7800000
7800000
7800000
7800000
6975000
6975000
6975000
6975000
6975000
6975000
6975000
6975000
6675000
6675000
6675000
6675000
6675000
6675000
6675000
6675000
6675000
6675000
6675000
6675000
6675000
6675000
6675000
6675000
6675000
6675000
5250000
5250000
5250000
5250000
5250000
5250000
5250000
5250000
5250000
5250000
5250000
5250000
5250000
5250000
5250000
5250000
5250000
5250000
5250000
5250000
5250000
5250000
5250000
5250000
5250000
5250000
5250000
5250000
5250000
5250000
5250000
5250000
5250000
5250000
5250000
5250000
5250000
5250000
5250000
5250000
5250000
5250000
5250000
5250000
5250000
5250000
5250000
5250000
5250000
5250000
5250000
5250000
5250000
5250000
5250000
5250000
5250000
5250000
5250000
5250000
5250000
5250000
5250000
5250000
5250000
5250000
5250000
5250000
5250000
5250000
5250000
5250000
5250000
5250000
5250000
5250000
5250000
5250000
5250000
5250000
5250000
5250000
5250000
5250000
5250000
5250000
5250000
5250000
5250000
5250000
5250000
5250000
5250000
5250000
5250000
5250000
5250000
5250000
5250000
5250000
5250000
5250000
5250000
5250000
5250000
5250000
5250000
5250000
5250000
5250000
5250000
5250000
5250000
5250000
5250000
5250000
5250000
5250000
5250000
5250000
5250000
5250000
5250000
5250000
5250000
5250000
5250000
5250000
5250000
5250000
4875000
4875000
4875000
4875000
4875000
4875000
4875000
4875000
4875000
