2507505625070400
637815025086560
473497600564080
338744025539920
338744025539920
284428225271520
284428225271520
190302025381920
92929600262000
92929600262000
84272400331760
84272400331760
63760225231520
52272900391760
52272900391760
52272900391760
52272900391760
52272900391760
35105625344160
35105625344160
35105625344160
35105625344160
28249225521440
19713600363760
19713600363760
19713600363760
19713600363760
19713600363760
19404025490880
19404025490880
19404025490880
19404025490880
14630625484240
14630625484240
14630625484240
14630625484240
14630625484240
14630625484240
14630625484240
14630625484240
14630625484240
14630625484240
10989225414400
10989225414400
10989225414400
10989225414400
10272025514800
10272025514800
10272025514800
10272025514800
10272025514800
10272025514800
10272025514800
10272025514800
10272025514800
10272025514800
10272025514800
10272025514800
10272025514800
10272025514800
10272025514800
10272025514800
10272025514800
10272025514800
10272025514800
10272025514800
10272025514800
10272025514800
10272025514800
10272025514800
10272025514800
10272025514800
10272025514800
10272025514800
10272025514800
10272025514800
10272025514800
10272025514800
10272025514800
10272025514800
10272025514800
10272025514800
10272025514800
10272025514800
10272025514800
10272025514800
10272025514800
10272025514800
9672100443120
9610000443600
9610000443600
9610000443600
9610000443600
8850625513040
8497225563120
8497225563120
8497225563120
8497225563120
8497225563120
8497225563120
8497225563120
8497225563120
