5225486450050880
1312612900529360
879122500624480
297390025624080
297390025624080
127577025525280
127577025525280
127577025525280
127577025525280
127577025525280
73017025612160
60684100467440
60684100467440
60684100467440
57153600556160
18020025526240
18020025526240
18020025526240
18020025526240
18020025526240
18020025526240
18020025526240
18020025526240
18020025526240
18020025526240
18020025526240
18020025526240
18020025526240
16281225626240
16281225626240
16281225626240
16281225626240
16281225626240
13395600573920
13395600573920
13395600573920
13395600573920
13395600573920
13395600573920
11022400513200
11022400513200
11022400513200
11022400513200
11022400513200
11022400513200
9060100474080
9060100474080
9060100474080
9060100474080
9060100474080
9060100474080
9060100474080
9060100474080
9060100474080
8410000553360
8410000553360
8410000553360
8410000553360
8410000553360
8410000553360
8410000553360
8410000553360
8410000553360
8410000553360
8065600612560
8065600612560
8065600612560
8065600612560
8065600612560
8065600612560
8065600612560
8065600612560
8065600612560
8065600612560
8065600612560
8065600612560
8065600612560
8065600612560
8065600612560
8065600612560
8065600612560
8065600612560
8065600612560
7562500445200
7562500445200
7562500445200
7562500445200
7562500445200
7562500445200
7562500445200
7562500445200
7562500445200
7562500445200
7562500445200
7562500445200
7562500445200
7562500445200
7128900452160
6027025623360
6027025623360
6027025623360
6027025623360
