43275000
22200000
21900000
20775000
18975000
15825000
15825000
15825000
15825000
11850000
11850000
11850000
11850000
11850000
11850000
11850000
11850000
11850000
10425000
10425000
10425000
10425000
10425000
9525000
8475000
8475000
7950000
7950000
7950000
7950000
7650000
7650000
7650000
7650000
7650000
7650000
7650000
7650000
7650000
7650000
7650000
7650000
7125000
7125000
7125000
7125000
5475000
5475000
5475000
5475000
5475000
5475000
5475000
5475000
5475000
5475000
5475000
5475000
5475000
5475000
5475000
5475000
5475000
5475000
5475000
5475000
5475000
5475000
5475000
5475000
5475000
5475000
5475000
5475000
5475000
5475000
5475000
5475000
5475000
5475000
5475000
5475000
5475000
5475000
5475000
5475000
5475000
5475000
5475000
4500000
4500000
4500000
4500000
4500000
4500000
4500000
4500000
4500000
4500000
4500000
4500000
4500000
4500000
4500000
4500000
4500000
4500000
4500000
4500000
4500000
4500000
4500000
4500000
4500000
4500000
4500000
4500000
4500000
4350000
4350000
4350000
4350000
4350000
4350000
4350000
4350000
4350000
4350000
4350000
4350000
4350000
4350000
4350000
4350000
4350000
4350000
4350000
4350000
4350000
4350000
4350000
4350000
4350000
4350000
4350000
4350000
4350000
4350000
4350000
4350000
4350000
4350000
4350000
4350000
4350000
4350000
4350000
4350000
4350000
4350000
4350000
4350000
4350000
4350000
4350000
4350000
4350000
4350000
4350000
4350000
4350000
4350000
4350000
4350000
4350000
4350000
4350000
4350000
4350000
4350000
4350000
4350000
4350000
4350000
4350000
4350000
4350000
4350000
4350000
4350000
4350000
4350000
4350000
4350000
4350000
4350000
4350000
4350000
4350000
4350000
4350000
4350000
