3332175625023760
1214871025293360
832322500322320
638825625242800
542890000411040
467208225421440
406627225144000
355134025423440
297217600363360
297217600363360
243516025523200
201072400523200
147015625364000
67980025521920
64561225576160
64561225576160
64561225576160
46785600544000
41344900573440
41344900573440
30913600346080
30913600346080
22944100550720
22944100550720
22944100550720
16160400473760
12816400556080
12816400556080
12816400556080
11764900635680
11764900635680
11764900635680
10857025585520
10857025585520
10692900584160
10692900584160
10692900584160
10692900584160
10692900584160
10692900584160
8791225445440
8791225445440
8791225445440
8791225445440
8791225445440
8791225445440
8791225445440
8791225445440
8791225445440
8791225445440
8208225562400
8208225562400
8208225562400
8208225562400
8208225562400
8208225562400
8208225562400
8208225562400
8208225562400
8122500531840
8122500531840
8122500531840
8122500531840
8122500531840
8122500531840
8122500531840
8094025485920
8094025485920
8094025485920
8094025485920
8094025485920
8094025485920
8094025485920
8094025485920
8094025485920
8094025485920
8094025485920
8094025485920
8094025485920
8094025485920
8094025485920
8094025485920
8094025485920
8094025485920
8094025485920
8094025485920
8094025485920
8094025485920
8094025485920
8094025485920
8094025485920
8094025485920
8094025485920
8094025485920
8094025485920
8094025485920
8094025485920
8094025485920
8094025485920
8094025485920
8094025485920
8094025485920
