3343730625448560
1940402500362720
1940402500362720
1940402500362720
1375297225392960
1268428225353920
1149549025424320
740656225383120
463540900453840
463540900453840
366722500463520
366722500463520
366722500463520
324360100395600
252810000551920
242892225433360
212284900464000
108368100432800
108368100432800
108368100432800
108368100432800
105781225352560
81721600384640
81721600384640
55204900482640
55204900482640
55204900482640
54096025563760
54096025563760
46785600446320
46785600446320
45832900543840
45832900543840
34751025581360
34751025581360
17556100334320
17556100334320
17556100334320
17556100334320
17556100334320
17556100334320
17556100334320
17556100334320
17556100334320
17556100334320
17556100334320
17556100334320
17556100334320
17556100334320
17556100334320
17556100334320
17556100334320
17556100334320
17556100334320
17556100334320
17556100334320
17556100334320
17556100334320
17556100334320
17556100334320
17556100334320
17556100334320
17556100334320
17556100334320
17556100334320
17556100334320
15920100431600
15920100431600
15920100431600
15920100431600
15920100431600
15681600464400
12531600462720
12040900451600
12040900451600
12040900451600
10272025452560
10272025452560
10176100452400
10176100452400
10176100452400
10176100452400
10176100452400
10176100452400
10176100452400
10176100452400
9180900603440
9180900603440
9180900603440
9180900603440
9180900603440
9180900603440
9180900603440
9180900603440
8820900434800
8820900434800
8820900434800
8820900434800
8820900434800
8820900434800
8820900434800
8820900434800
