34875000
14400000
12825000
12825000
12825000
12825000
12825000
11475000
11475000
11475000
11475000
11475000
11475000
8700000
8700000
8700000
8700000
8700000
8700000
8700000
8700000
8700000
8700000
8700000
8700000
8700000
8700000
8700000
8700000
8700000
8700000
8700000
8700000
8700000
8700000
8700000
8700000
8700000
8700000
8700000
8700000
8700000
8700000
8700000
8700000
8700000
8475000
8475000
8475000
8475000
8475000
8475000
8475000
8475000
8475000
8475000
8475000
8475000
8475000
8475000
8475000
8475000
8475000
6975000
6975000
6975000
6975000
6975000
6975000
6975000
6975000
6975000
6975000
6975000
6975000
6975000
6975000
6975000
6975000
6975000
6975000
6975000
6975000
6975000
6975000
6975000
6975000
6975000
6975000
6975000
6975000
6975000
6975000
6975000
6975000
6975000
6975000
6975000
6975000
6975000
6975000
6975000
6975000
6975000
6975000
6975000
6975000
6975000
6975000
6975000
6975000
6975000
6975000
6975000
6975000
6975000
6975000
6975000
6975000
6975000
6975000
6975000
6975000
6975000
6975000
6975000
6975000
6975000
6975000
6975000
6975000
6975000
6975000
6975000
6975000
6975000
6975000
6975000
6975000
6975000
6975000
6975000
6975000
6975000
6975000
6975000
5700000
5700000
5700000
5700000
5700000
5700000
5700000
5700000
5700000
5700000
5700000
5700000
5700000
5700000
5700000
5700000
5700000
5700000
5700000
5700000
5700000
5700000
5700000
5700000
5700000
5700000
5700000
5700000
5700000
5700000
5700000
5700000
5700000
5700000
5700000
5700000
5700000
5700000
5700000
5700000
5700000
5700000
5700000
5700000
5700000
5700000
5700000
5700000
5700000
5700000
5700000
5700000
5700000
5700000
5700000
5700000
