134618006539120
88642225441120
84364225310640
84364225310640
60528400202160
58369600230880
58369600230880
54390625180960
30360100171040
30360100171040
27615025361520
27615025361520
27615025361520
27615025361520
27196225374720
27196225374720
23425600472560
23425600472560
22420225364320
14976900440800
14976900440800
14976900440800
14976900440800
14976900440800
14976900440800
14976900440800
14976900440800
14976900440800
14976900440800
14976900440800
14668900610880
13875625444160
13875625444160
13875625444160
13875625444160
13875625444160
13875625444160
13395600582000
12496225592640
11764900554160
11764900554160
10112400592080
10112400592080
10112400592080
10112400592080
9891025536560
9891025536560
9891025536560
9891025536560
9891025536560
9891025536560
9891025536560
9394225603760
9394225603760
9394225603760
9394225603760
9394225603760
9394225603760
9394225603760
9394225603760
9394225603760
9394225603760
9394225603760
8122500551840
8122500551840
8122500551840
8122500551840
8122500551840
8122500551840
8122500551840
8122500551840
8122500551840
8122500551840
8122500551840
8122500551840
8122500551840
8122500551840
8122500551840
8122500551840
7980625563120
7980625563120
7980625563120
7980625563120
7980625563120
7980625563120
7980625563120
7728400542000
7728400542000
7728400542000
7728400542000
7728400542000
7590025434640
7590025434640
7590025434640
7590025434640
7590025434640
7590025434640
7590025434640
7590025434640
7590025434640
7590025434640
7590025434640
