16425000
21675000
19275000
11250000
11250000
11250000
11250000
11250000
11250000
11175000
9525000
9525000
9525000
9525000
9525000
9525000
9525000
7875000
7875000
7875000
7875000
7875000
7875000
7875000
7875000
7875000
7875000
7875000
7875000
7875000
7875000
7875000
7725000
7725000
7725000
7725000
7725000
7725000
7725000
7200000
7200000
7200000
7200000
7200000
7200000
7200000
7200000
7200000
7200000
7200000
7200000
7200000
7200000
7200000
7200000
6675000
6675000
6675000
6675000
6675000
6675000
6675000
6675000
6675000
6225000
6225000
6225000
6225000
6225000
6225000
6225000
6225000
6225000
6225000
6225000
6225000
6225000
6225000
6225000
6225000
6225000
6225000
6225000
6225000
6225000
6225000
6225000
6225000
6225000
5550000
5550000
5550000
5550000
5550000
5550000
5550000
5550000
5550000
5550000
5550000
5550000
5550000
5550000
5550000
5550000
5550000
5550000
5550000
5550000
5550000
5550000
5550000
5550000
5550000
5550000
5550000
5550000
5550000
5550000
5550000
5550000
5550000
5550000
5550000
5550000
5550000
5550000
5550000
5550000
5550000
5550000
5550000
5550000
5550000
5550000
5550000
5550000
5550000
5550000
5550000
5550000
5550000
5550000
5550000
5550000
5550000
5550000
5550000
5550000
5550000
5550000
5550000
5550000
5550000
5550000
5550000
5550000
5550000
5550000
5550000
5550000
5550000
5550000
5550000
5550000
5550000
5550000
5550000
5550000
5550000
5550000
5550000
4350000
4350000
4350000
4350000
4350000
4350000
4350000
4350000
4350000
4350000
4350000
4350000
4350000
4350000
4350000
4350000
4350000
4350000
4350000
4350000
4350000
4350000
4350000
4350000
4350000
4350000
4350000
4350000
4350000
4350000
