3852005878287080
2389743225289120
1555119225611200
1555119225611200
1039095225273440
1039095225273440
1039095225273440
1039095225273440
680427225422480
288490225592640
195580225473120
195580225473120
123321025632560
110145025531520
80013025337120
80013025337120
66748900594800
66748900594800
31922500604080
31922500604080
31922500604080
25654225571200
25654225571200
25654225571200
25654225571200
25654225571200
24059025291840
18062500321760
18062500321760
15132100603040
15132100603040
15132100603040
15132100603040
15132100603040
10240000561280
10240000561280
10240000561280
10240000561280
10240000561280
8702500462800
7980625422160
7980625422160
7980625422160
7980625422160
7980625422160
7980625422160
7980625422160
7980625422160
7980625422160
7980625422160
7562500512480
7562500512480
7562500512480
7371225321520
7371225321520
7371225321520
7371225321520
7371225321520
7371225321520
7371225321520
7371225321520
7128900301600
7128900301600
7128900301600
7128900301600
7128900301600
7128900301600
6682225341280
6682225341280
6682225341280
6682225341280
6682225341280
6682225341280
6682225341280
6682225341280
6682225341280
6682225341280
6682225341280
6682225341280
6682225341280
6682225341280
6682225341280
6682225341280
6682225341280
6682225341280
6682225341280
6682225341280
6682225341280
6682225341280
6682225341280
6682225341280
6682225171520
6682225171520
6682225171520
6682225171520
6682225171520
6682225171520
6682225171520
6682225171520
6682225171520
6682225171520
6682225171520
