42375000
16950000
16950000
16950000
16950000
16950000
15225000
15225000
15225000
15225000
15225000
15225000
14625000
14625000
14625000
14625000
14625000
14625000
11925000
11925000
11925000
11925000
11925000
11925000
11925000
11925000
11925000
11925000
10800000
10800000
10800000
10800000
10800000
10800000
10800000
10800000
10800000
10800000
10800000
10800000
10800000
10800000
10800000
10800000
10800000
10800000
10800000
10125000
10125000
10125000
10125000
10125000
10125000
10125000
10125000
10125000
10125000
10125000
10125000
10125000
10125000
10125000
10125000
10125000
10125000
10125000
10125000
10125000
10125000
10125000
10125000
10125000
10125000
10125000
10125000
10125000
10125000
10125000
10125000
10125000
10125000
10125000
10125000
10125000
9600000
9075000
9075000
9075000
9075000
9075000
9075000
9075000
9075000
9075000
8250000
8250000
8250000
8250000
8250000
8250000
8250000
8250000
8250000
8250000
8250000
8250000
8250000
8250000
8250000
8250000
7500000
7500000
7500000
7500000
7500000
7500000
7500000
7500000
7500000
7500000
7500000
7500000
7500000
7500000
7500000
7500000
7500000
7500000
7500000
7500000
7500000
7500000
7500000
7500000
7500000
7500000
7500000
7500000
7500000
7500000
7500000
7500000
7500000
7500000
7500000
7500000
7500000
7500000
7500000
7500000
7500000
7500000
7500000
7500000
7500000
7500000
7500000
7500000
7500000
7500000
7500000
7500000
7500000
7500000
7500000
7500000
7500000
7500000
7500000
7500000
7500000
7500000
7500000
7500000
7500000
7500000
7500000
7500000
7500000
7500000
7500000
7500000
7500000
7500000
7500000
7500000
7500000
7500000
7500000
7500000
7500000
7500000
7500000
7500000
7500000
7500000
7500000
7500000
7500000
7500000
7500000
7500000
