15675000
13575000
12150000
11175000
11175000
11175000
10500000
10500000
10500000
10500000
10500000
10500000
10500000
10500000
10500000
10500000
10500000
10500000
10500000
9225000
9225000
7350000
6450000
6450000
6450000
6450000
6450000
6450000
6450000
6450000
6450000
6450000
6450000
6450000
6450000
6450000
6450000
6450000
6450000
6450000
6450000
6450000
6450000
6450000
6450000
6450000
6450000
6450000
6450000
6450000
6450000
6450000
6450000
6450000
6450000
6450000
6450000
6450000
6450000
6450000
6450000
6450000
6450000
6450000
6450000
6450000
6450000
6450000
6450000
6450000
6450000
6450000
6450000
6450000
6450000
6450000
6450000
6450000
6450000
6450000
6450000
6450000
6450000
6450000
6450000
6450000
6450000
6450000
6450000
6450000
6450000
6450000
6450000
6450000
6450000
6450000
6450000
6450000
6450000
6450000
6450000
6450000
6375000
6375000
6375000
6375000
6375000
6375000
6375000
6375000
6375000
6375000
4725000
4725000
4725000
4725000
4725000
4725000
4725000
4725000
4725000
4725000
4725000
4725000
4725000
4725000
4725000
4725000
4725000
4725000
4725000
4725000
4725000
4725000
4725000
4725000
4725000
4725000
4725000
4725000
4725000
4725000
4725000
4725000
4725000
4725000
4725000
4725000
4725000
4725000
4725000
4725000
4725000
4725000
4725000
4725000
4725000
4725000
4725000
4725000
4725000
4725000
4725000
4725000
4725000
4725000
4725000
4725000
4725000
4725000
4725000
4725000
4725000
4725000
4725000
4725000
4725000
4725000
4725000
4725000
4725000
4725000
4725000
4725000
4725000
4725000
4725000
4725000
4725000
4725000
4725000
4725000
4725000
4725000
4725000
4725000
4725000
4725000
4725000
4725000
4725000
4725000
