11799390625560880
3015108100060080
1209996225636720
691953025577760
582981025615520
582981025615520
568822500461600
86862400384160
52272900332160
52272900332160
52272900332160
47610000493360
47610000493360
22657600504560
22657600504560
22657600504560
18232900462720
18232900462720
18232900462720
18232900462720
18232900462720
18232900462720
18232900462720
15760900415120
15760900415120
15760900415120
15760900415120
15760900415120
12960000553680
12960000553680
12960000553680
12960000553680
12960000553680
12960000553680
12960000553680
12960000553680
12960000553680
12960000553680
12960000553680
12960000553680
12960000553680
12960000553680
12960000553680
12960000553680
12960000553680
12960000553680
12960000553680
12960000553680
12960000553680
12960000553680
12960000553680
12960000553680
12960000553680
12960000553680
12960000553680
12960000553680
12960000553680
12960000553680
12960000553680
12960000553680
12960000553680
12960000553680
12960000553680
12320100638080
12320100638080
12320100638080
12320100638080
12320100638080
12320100638080
12285025591280
12285025591280
11868025425600
11868025425600
11868025425600
11868025425600
11868025425600
11868025425600
11868025425600
11868025425600
11868025425600
11868025425600
11868025425600
11868025425600
11868025425600
11868025425600
11868025425600
11868025425600
11868025425600
11868025425600
11868025425600
11868025425600
11868025425600
11868025425600
11868025425600
11868025425600
11868025425600
11868025425600
11868025425600
11868025425600
11868025425600
11868025425600
11868025425600
