1282204800044040
715830025375200
522351025492720
476985600554000
287472025484080
287472025484080
261307225352960
258888100311440
168091225591200
168091225591200
161163025383600
161163025383600
121771225354640
100902025442240
91489225371840
35760400471600
35760400471600
35760400471600
33930625323200
33930625323200
33930625323200
33930625323200
31696900411680
31696900411680
31696900411680
31696900411680
31696900411680
31696900411680
28836900603680
28836900603680
28836900603680
28836900603680
28836900603680
26884225335680
22896225500800
22896225500800
19404025082480
19404025082480
19404025082480
19404025082480
19404025082480
19404025082480
19404025082480
19404025082480
19404025082480
19404025082480
19404025082480
19404025082480
16974400473760
16974400473760
16974400473760
16974400473760
12638025601680
12638025601680
12638025601680
12638025601680
12638025601680
12638025601680
12638025601680
12638025601680
12638025601680
12638025601680
12638025601680
12638025601680
12638025601680
12638025601680
12638025601680
12638025601680
12638025601680
12638025601680
12638025601680
12638025601680
12638025601680
12638025601680
12638025601680
12638025601680
12638025601680
12638025601680
12638025601680
12638025601680
12638025601680
12638025601680
12638025601680
12638025601680
12638025601680
12638025601680
12638025601680
11122225419600
11122225419600
11122225419600
11122225419600
11122225419600
11122225419600
11122225419600
11122225419600
11122225419600
11122225419600
9828225466800
9828225466800
9828225466800
9828225466800
9828225466800
