17775000
22125000
17025000
17025000
17025000
17025000
10500000
10500000
10500000
10500000
10500000
10500000
10500000
10500000
10500000
10500000
10500000
10500000
10500000
10500000
10500000
10500000
10500000
10500000
9750000
9750000
9750000
9750000
9750000
9750000
9750000
9750000
9750000
9750000
9750000
9750000
9750000
9750000
9750000
9750000
9750000
9750000
9750000
9750000
9750000
9750000
9075000
9075000
9075000
9075000
9075000
9075000
9075000
9075000
9075000
9075000
9075000
9075000
9075000
9075000
9075000
9075000
9075000
9075000
9075000
9075000
9075000
9075000
9075000
9075000
7875000
7875000
7875000
7875000
7875000
7875000
7875000
7875000
7875000
7875000
7875000
7875000
7875000
7875000
7875000
7875000
7875000
7875000
7875000
7875000
7875000
7875000
7875000
7875000
7875000
7875000
7875000
7875000
7875000
7875000
7875000
7875000
7875000
7875000
7875000
7875000
7875000
7875000
7875000
7875000
7875000
7875000
7875000
7875000
7875000
7875000
7875000
7875000
7875000
7875000
7875000
7875000
7875000
7875000
7875000
7875000
7875000
7875000
7875000
7875000
7875000
7875000
7875000
7875000
7875000
7875000
7875000
7875000
7875000
7875000
7875000
7875000
7875000
7875000
7875000
7875000
7875000
7875000
7875000
7875000
7875000
7875000
7875000
6900000
6900000
6900000
6900000
6900000
6900000
6900000
6900000
6900000
6900000
6900000
6900000
6900000
6900000
6900000
6900000
6900000
6900000
6900000
6900000
6900000
6900000
6900000
6900000
6900000
6900000
6900000
6900000
6900000
6900000
6900000
6900000
6900000
6900000
6900000
6900000
6900000
6900000
6900000
6900000
6900000
6900000
6900000
6900000
6900000
6900000
6900000
6900000
6900000
