5635238203345880
767013025283840
372104100598720
372104100598720
372104100598720
296184100144000
296184100144000
296184100144000
296184100144000
216531225345120
183196225616320
183196225616320
137475625488640
112678225511520
100600900467120
100600900467120
100600900467120
100600900467120
100600900467120
100600900467120
100600900467120
91872225563760
91872225563760
57608100634000
57608100634000
57608100634000
57608100634000
57608100634000
57608100634000
57608100634000
57608100634000
57608100634000
57608100634000
34987225452480
34987225452480
34987225452480
34987225452480
34987225452480
22467600253200
22467600253200
22467600253200
22467600253200
22467600253200
22467600253200
22467600253200
22467600253200
22467600253200
22467600253200
22467600253200
22467600253200
22467600253200
19713600471440
19713600471440
19713600471440
19713600471440
19713600471440
19713600471440
19713600471440
11256025245040
11256025245040
11256025245040
11256025245040
11256025245040
11256025245040
10530025539040
10272025624400
9954025552800
9954025552800
9954025552800
9954025552800
9954025552800
9954025552800
9954025552800
9954025552800
9954025552800
9954025552800
9954025552800
9954025552800
9954025552800
9954025552800
9954025552800
9954025552800
9954025552800
9954025552800
9954025552800
9954025552800
9954025552800
9954025552800
9954025552800
9954025552800
9272025614720
9272025614720
9272025614720
9272025614720
9272025614720
9272025614720
9272025614720
9272025614720
8410000548160
8410000548160
8410000548160
8410000548160
