3848031056382160
1168272400324640
880902400554080
476985600412640
235929600374080
86025625593440
68145025355600
68145025355600
68145025355600
68145025355600
68145025355600
68145025355600
68145025355600
68145025355600
68145025355600
68145025355600
68145025355600
68145025355600
68145025355600
68145025355600
68145025355600
68145025355600
68145025355600
68145025355600
68145025355600
68145025355600
68145025355600
68145025355600
68145025355600
68145025355600
68145025355600
68145025355600
68145025355600
66748900621200
66748900621200
66748900621200
66748900621200
42445225454640
42445225454640
42445225454640
42445225454640
42445225454640
42445225454640
42445225454640
27196225463920
27196225463920
27196225463920
27196225463920
25150225444080
25150225444080
25150225444080
25150225444080
25150225444080
25150225444080
25150225444080
25150225444080
25150225444080
23668225601520
23668225601520
23668225601520
23668225601520
23668225601520
23668225601520
23668225601520
23668225601520
23668225601520
20657025316880
20657025316880
20657025316880
20657025316880
20657025316880
20657025316880
20657025316880
14938225523440
14938225523440
14938225523440
14938225523440
14938225523440
11937025502880
11937025502880
11937025502880
11937025502880
11937025502880
11937025502880
9703225603520
9703225603520
9703225603520
9703225603520
9060100434560
9060100434560
9060100434560
9060100434560
9060100434560
9060100434560
9060100434560
9060100434560
9060100434560
9060100434560
9060100434560
9060100434560
9060100434560
9060100434560
