23100000
16575000
16575000
16575000
12300000
12300000
10350000
10350000
10350000
10350000
10350000
10350000
10350000
10350000
9300000
7275000
7275000
7275000
7275000
7275000
7275000
7275000
7275000
7275000
7275000
7275000
7275000
7275000
7275000
7275000
7275000
7275000
7275000
7275000
7275000
7275000
7275000
7275000
7275000
7275000
7275000
7275000
7275000
7275000
7275000
7275000
7275000
7275000
7200000
7200000
7200000
7200000
7200000
7200000
7200000
7200000
7200000
7200000
7200000
7200000
7200000
7200000
7200000
7200000
7200000
7200000
7200000
7200000
5700000
5700000
5700000
5700000
5700000
5700000
5700000
5700000
5700000
5700000
5700000
5700000
5700000
5700000
5700000
5700000
5700000
5700000
5700000
5700000
5700000
5700000
5700000
5700000
5700000
5700000
5700000
5700000
5700000
5700000
5700000
5700000
5700000
5700000
5700000
5700000
5700000
5700000
5700000
5700000
5700000
5700000
5700000
5700000
5700000
5700000
5700000
5700000
5700000
5700000
5700000
5700000
5700000
5700000
5700000
5700000
5700000
5700000
5700000
5700000
5700000
5700000
5700000
5700000
5700000
5700000
5700000
5700000
5700000
5700000
5700000
5700000
5700000
5700000
5700000
5700000
5700000
5700000
5700000
5700000
5700000
5700000
5700000
5700000
5700000
5700000
5700000
5700000
5700000
5700000
5700000
5700000
5700000
5700000
5700000
5700000
5700000
5700000
5700000
5700000
5700000
5700000
5700000
5700000
5700000
5700000
5700000
5700000
5700000
5700000
5700000
5700000
5700000
5700000
5700000
5700000
5700000
5700000
5700000
5700000
5700000
5700000
5700000
5700000
5700000
5700000
5700000
5700000
5700000
5700000
5700000
5700000
5700000
5700000
