40575000
17025000
17025000
17025000
17025000
17025000
17025000
13875000
13875000
13875000
13875000
13875000
13875000
9075000
9075000
9075000
9075000
9075000
9075000
9075000
9075000
9075000
9075000
9075000
9075000
9075000
9075000
9075000
9075000
9075000
9075000
9075000
9075000
9075000
9075000
9075000
9075000
9075000
9075000
9075000
9075000
9075000
9075000
9075000
9075000
9075000
9075000
9075000
9075000
9075000
4425000
4425000
4425000
4425000
4425000
4425000
4425000
4425000
4425000
4425000
4425000
4425000
4425000
4425000
4425000
4425000
4425000
4425000
4425000
4425000
4425000
4425000
4425000
4425000
4425000
4425000
4425000
4425000
4425000
4425000
4425000
4425000
4425000
4425000
4425000
4425000
4425000
4425000
4425000
4425000
4425000
4425000
4425000
4425000
4425000
4425000
4425000
4425000
4425000
4425000
4425000
4425000
4425000
4425000
4425000
4425000
4425000
4425000
4425000
4425000
4425000
4425000
4425000
4425000
4425000
4425000
4425000
4425000
4425000
4425000
4425000
4425000
4425000
4425000
4425000
4425000
4425000
4425000
4425000
4425000
4425000
4425000
4425000
4425000
4425000
4425000
4425000
4425000
4425000
4425000
4425000
4425000
4425000
4425000
4425000
4425000
4425000
4425000
4425000
4425000
4425000
4425000
4425000
4425000
4425000
4425000
4425000
4425000
4425000
4425000
4425000
4425000
4425000
4425000
4425000
4425000
4425000
4425000
4425000
4425000
4425000
4425000
4425000
4425000
4425000
4425000
4425000
4425000
4425000
4425000
4425000
4425000
4425000
4425000
4425000
4425000
4425000
4425000
4425000
4425000
4425000
4425000
4425000
4425000
4425000
4425000
4425000
4425000
4425000
4425000
4425000
4425000
