1170070312776080
935136400572160
572884225305760
312228900580800
237314025536240
237314025536240
230584225611200
214476025142640
132710400400960
132710400400960
132710400400960
132710400400960
82901025580960
82901025580960
41152225132000
41152225132000
41152225132000
41152225132000
41152225132000
41152225132000
41152225132000
41152225132000
35640900502720
35640900502720
35640900502720
35640900502720
35640900502720
35640900502720
24800400554960
24800400554960
24800400554960
24800400554960
24800400554960
24800400554960
24800400554960
24800400554960
24800400554960
16851025612320
16646400315200
16646400315200
14212900618880
10758400350960
10758400350960
10758400350960
10758400350960
9610000404560
9610000404560
9610000404560
9610000404560
9610000404560
9610000404560
9610000404560
9610000404560
9610000404560
9610000404560
9610000404560
9610000404560
9610000404560
9610000404560
9610000404560
9610000404560
9610000404560
9610000404560
9610000404560
9610000404560
9610000404560
9610000404560
9610000404560
9610000404560
9610000404560
9610000404560
9610000404560
9610000404560
9610000404560
9610000404560
9610000404560
9610000404560
9610000404560
9610000404560
9610000404560
9610000404560
9610000404560
9610000404560
9610000404560
9610000404560
9610000404560
9610000404560
9610000404560
9610000404560
9610000404560
9610000404560
9610000404560
9610000404560
9610000404560
9610000404560
9610000404560
9610000404560
9610000404560
9610000404560
9610000404560
9610000404560
9610000404560
