8942539225135200
786241600506000
594628225593680
347449600426400
301890625631840
250588900560000
250588900560000
67980025560800
67980025560800
67980025560800
67980025560800
67980025560800
67980025560800
67980025560800
67980025560800
67980025560800
67980025560800
67980025560800
57380625275440
57380625275440
50268100491040
50268100491040
46922500325600
46922500325600
46922500325600
38626225502320
38626225502320
38626225502320
38626225502320
38626225502320
38626225502320
38626225502320
38626225502320
38626225502320
38626225502320
38626225502320
38626225502320
38626225502320
38626225502320
38626225502320
38626225502320
38626225502320
38626225502320
38626225502320
38626225502320
38626225502320
38626225502320
38626225502320
38626225502320
38626225502320
38626225502320
38626225502320
38626225502320
38626225502320
38626225502320
38626225502320
38626225502320
38626225502320
38626225502320
38626225502320
38626225502320
38626225502320
38626225502320
38626225502320
38626225502320
38626225502320
27562500334480
25150225302560
25150225302560
25150225302560
25150225302560
25150225302560
25150225302560
25150225302560
25150225302560
25150225302560
25150225302560
25150225302560
25150225302560
25150225302560
25150225302560
25150225302560
25150225302560
25150225302560
25150225302560
25150225302560
25150225302560
25150225302560
18576100322800
18576100322800
18576100322800
18576100322800
18576100322800
18576100322800
18576100322800
18576100322800
18576100322800
18576100322800
17098225574480
17098225574480
17098225574480
17098225574480
