18000000
13875000
13875000
13875000
13875000
13875000
13875000
13875000
13875000
13275000
13275000
13275000
7200000
7200000
7200000
7200000
7200000
7200000
7200000
7200000
7200000
7200000
7200000
7200000
7200000
7200000
7200000
7200000
7200000
7200000
7200000
7200000
7200000
7200000
7200000
7200000
7200000
7200000
7200000
7200000
7200000
7200000
7200000
7200000
7200000
7200000
7200000
7200000
7200000
7200000
7200000
7200000
7200000
7200000
7200000
7200000
7200000
7200000
7200000
7200000
7200000
7200000
7200000
7200000
7200000
7200000
7200000
7200000
7200000
7200000
7200000
7200000
7200000
7200000
7200000
7200000
7200000
7200000
7200000
7200000
7200000
7200000
7200000
7200000
7200000
7200000
7200000
7200000
7200000
7200000
7200000
7200000
7200000
7200000
7200000
7200000
7200000
7200000
7200000
7200000
7200000
7200000
7200000
7200000
7200000
7200000
7200000
7200000
7200000
7200000
7200000
7200000
7200000
7200000
7200000
7200000
7200000
7200000
7200000
7200000
7200000
7200000
7200000
7200000
7200000
7200000
7200000
7200000
7200000
7200000
7200000
7200000
7200000
7200000
7200000
7200000
7200000
7200000
7200000
7200000
7200000
7200000
7200000
7200000
7200000
7200000
7200000
7200000
7200000
7200000
7200000
7200000
7200000
7200000
7200000
7200000
7200000
7200000
7200000
7200000
7200000
7200000
7200000
7200000
7200000
7200000
7200000
7200000
7200000
7200000
7200000
7200000
7200000
7200000
7200000
7200000
7200000
7200000
7200000
7200000
7200000
7200000
7200000
7200000
7200000
7200000
7200000
7200000
7200000
7200000
7200000
7200000
7200000
7200000
7200000
7200000
7200000
7200000
7200000
7200000
7200000
7200000
