1320232225057360
675480100475600
363093025551600
164608900288400
164608900288400
163328400605040
75516100635920
75516100635920
72760900584880
72760900584880
72760900584880
67897600447520
49210225602800
49210225602800
49210225602800
49210225602800
49210225602800
40005625452960
40005625452960
40005625452960
35283600383040
35283600383040
35283600383040
35283600383040
35283600383040
35283600383040
35283600383040
35283600383040
25200400244480
25200400244480
25200400244480
25200400244480
25200400244480
25200400244480
25200400244480
25200400244480
25200400244480
23040000370880
23040000370880
23040000370880
23040000370880
23040000370880
23040000370880
23040000370880
23040000370880
23040000370880
23040000370880
23040000370880
23040000370880
23040000370880
23040000370880
23040000370880
18533025453760
18533025453760
18533025453760
18533025453760
18533025453760
18533025453760
18533025453760
18533025453760
18533025453760
17766225584240
17766225584240
17766225584240
17766225584240
17766225584240
17766225584240
17766225584240
17766225584240
17766225584240
17766225584240
17766225584240
17766225584240
17766225584240
14288400392640
14288400392640
14288400392640
14288400392640
14288400392640
14288400392640
14288400392640
14288400392640
14288400392640
14288400392640
14288400392640
14288400392640
14288400392640
14288400392640
14288400392640
14288400392640
14288400392640
14288400392640
14288400392640
14288400392640
14288400392640
14288400392640
14288400392640
14288400392640
14288400392640
14288400392640
14288400392640
14288400392640
