12450000
17625000
16725000
16725000
16725000
16725000
14400000
14400000
14400000
14400000
14400000
14400000
14400000
14400000
14400000
14400000
14400000
14400000
14400000
14400000
14400000
14400000
14400000
13650000
13650000
12600000
10200000
10200000
10200000
10200000
10200000
10200000
10200000
10200000
10200000
10200000
9000000
9000000
9000000
8850000
8850000
8850000
8775000
8775000
8775000
8775000
8775000
8775000
8775000
8775000
8775000
8175000
8175000
8175000
8175000
8175000
7275000
7275000
7275000
7275000
7275000
7275000
7275000
7275000
7275000
5700000
5700000
5700000
5700000
5700000
5700000
5700000
5700000
5700000
5700000
5700000
5700000
5700000
5700000
5700000
5700000
5700000
5700000
5700000
5700000
5700000
5700000
5700000
5700000
5700000
5700000
5700000
5550000
5550000
5550000
5550000
5550000
5550000
5550000
5550000
5550000
5550000
5550000
5550000
5550000
5550000
5550000
5550000
5550000
5550000
5550000
5550000
5550000
5550000
5550000
5550000
5550000
5550000
5550000
5550000
5550000
5550000
5550000
5550000
5550000
5550000
5550000
5550000
5550000
5550000
5550000
5550000
5550000
5550000
5550000
5550000
5550000
5550000
5550000
5550000
5550000
5550000
5550000
5550000
5550000
5550000
5550000
5550000
5550000
5550000
5550000
5550000
5550000
5550000
5550000
5550000
5550000
5550000
5550000
5550000
5550000
5550000
5550000
5550000
5550000
5550000
5550000
5550000
5550000
5550000
5550000
5550000
5550000
5550000
5550000
5550000
5550000
5550000
5550000
5550000
5550000
5550000
5550000
5550000
5550000
5550000
5550000
5550000
5550000
5550000
5550000
5550000
5550000
5550000
5550000
5550000
5550000
5550000
5550000
5475000
5475000
5475000
