23250000
14625000
14625000
14625000
14250000
13725000
13725000
13725000
13725000
13725000
11700000
11700000
11700000
11700000
11700000
11700000
11700000
11700000
11700000
11700000
11700000
11700000
11700000
11700000
9225000
9225000
9225000
9225000
9225000
9225000
9225000
9225000
9225000
9225000
9225000
9225000
9225000
9225000
9225000
9225000
8100000
8100000
8100000
8100000
7725000
7725000
7725000
7725000
7350000
7350000
7350000
7350000
7350000
7350000
7350000
7350000
7350000
7350000
7350000
7350000
7350000
7350000
7350000
7350000
7350000
7350000
7350000
7350000
7350000
7350000
7125000
7125000
7125000
7125000
7125000
7125000
5175000
5175000
5175000
5175000
5175000
5175000
5175000
5175000
5175000
5175000
5175000
5175000
5175000
5175000
5175000
5175000
5175000
5175000
5175000
5175000
5175000
5175000
5175000
5175000
5175000
5175000
5175000
5175000
5175000
5175000
5175000
5175000
5175000
5175000
5175000
5175000
5175000
5175000
5175000
4500000
4500000
4500000
4500000
4500000
4500000
4500000
4500000
4500000
4500000
4500000
4500000
4500000
4500000
4500000
4500000
4500000
4500000
4500000
4500000
4500000
4500000
4500000
4500000
4500000
4500000
4500000
4500000
4500000
4500000
4500000
4500000
3525000
3525000
3525000
3525000
3525000
3525000
3525000
3525000
3525000
3525000
3525000
3525000
3300000
3300000
3300000
3300000
3300000
3300000
3300000
3300000
3300000
3300000
3300000
3300000
3300000
3300000
3300000
3300000
3300000
3300000
3300000
3300000
3300000
3300000
3300000
3300000
3300000
3300000
3300000
3300000
3300000
3300000
3300000
3300000
3300000
3300000
3300000
3300000
3300000
3300000
3300000
3300000
3300000
3300000
3300000
