38250000
21000000
18900000
18900000
18600000
18600000
18600000
18600000
18600000
18300000
16725000
16725000
16575000
16575000
16575000
15750000
15750000
15300000
15300000
15300000
14025000
13200000
13200000
13200000
13200000
13200000
13200000
13200000
11925000
11925000
11925000
11925000
11925000
11925000
11925000
11925000
11925000
11925000
11925000
11925000
11925000
11925000
11775000
11400000
11400000
10725000
10725000
10725000
10725000
10725000
10725000
10725000
10725000
10725000
10425000
10425000
6675000
6675000
6675000
6675000
6675000
6675000
6675000
6675000
6675000
6675000
6675000
6675000
6675000
6675000
6675000
6675000
6675000
6675000
6675000
6675000
6675000
6675000
6675000
6675000
6675000
6675000
6600000
6600000
6600000
6600000
6600000
6600000
6600000
6600000
6600000
6600000
6600000
6600000
6600000
6600000
6600000
6600000
6600000
6600000
6600000
6600000
6600000
6600000
6600000
6600000
6600000
6600000
6600000
6600000
6600000
6600000
6600000
6600000
6600000
6600000
6600000
6600000
6450000
5925000
5925000
5925000
5925000
5925000
5925000
5925000
5925000
5925000
5925000
5925000
5925000
5925000
5925000
5925000
5925000
5925000
5925000
5925000
5925000
5925000
5250000
5250000
5250000
5250000
4725000
4725000
4725000
4725000
4725000
4725000
4725000
4725000
4725000
4725000
4725000
4725000
4725000
4725000
4725000
4725000
4725000
4725000
4725000
4725000
4725000
4725000
4725000
4725000
4725000
4725000
4725000
4725000
4725000
4725000
4725000
4725000
4725000
4725000
4725000
4725000
4725000
4725000
4725000
4725000
4725000
4725000
4725000
4725000
4725000
4725000
4725000
4725000
4725000
4725000
4725000
4725000
4725000
4725000
4725000
4725000
4725000
4725000
