3694345903436040
794958025484800
397803025491600
397404225475840
324180025522000
172791025323680
96236100432720
96236100432720
96236100432720
90630400501040
64802500502320
41667025325840
41667025325840
41667025325840
41667025325840
29920900540960
29920900540960
29920900540960
29920900540960
29920900540960
28408900490560
28408900490560
28408900490560
28408900490560
28408900490560
25755625303920
25755625303920
20976400511040
20976400511040
20976400511040
20976400511040
20976400511040
20976400511040
20976400511040
20976400511040
20976400511040
20976400511040
20976400511040
18105025227600
14402025583600
14402025583600
14402025583600
14402025583600
14402025583600
14402025583600
14402025583600
14402025583600
14402025583600
11323225553680
11323225553680
11323225553680
11323225553680
11323225553680
11323225553680
11323225553680
11323225553680
11323225553680
11323225553680
11323225553680
11323225553680
11323225553680
11323225553680
10692900535040
10692900535040
10692900535040
10692900535040
10692900535040
10692900535040
9363600463840
9363600463840
9363600463840
9363600463840
7562500363680
7562500363680
7562500363680
7562500363680
7562500363680
7562500363680
7562500363680
7562500363680
7562500363680
7562500363680
7236100432560
7236100432560
7236100432560
7236100432560
7236100432560
7236100432560
7236100432560
7236100432560
7236100432560
7236100432560
7155625602560
7155625602560
7155625602560
7155625602560
7155625602560
7155625602560
7155625602560
7155625602560
7155625602560
7155625602560
