6903117225496640
2149249600623440
1319142400633840
1319142400633840
1319142400633840
578643025571200
473715225544640
457532100585120
366722500593920
271590400556320
157377025536560
157377025536560
70896400536240
70896400536240
69555600563600
69555600563600
46512400523520
40195600415200
40195600415200
40195600415200
40195600415200
40195600415200
40195600415200
40195600415200
40195600415200
40195600415200
34339600511920
34339600511920
34339600511920
34339600511920
16160400622160
16160400622160
16160400622160
12496225595440
11971600614720
11971600614720
11971600614720
9394225585360
9394225585360
9394225585360
9394225585360
9394225585360
9394225585360
9394225585360
9394225585360
9394225585360
9394225585360
9394225585360
9394225585360
9394225585360
9394225585360
8850625635920
8850625635920
8850625635920
8850625635920
6656400633280
6656400633280
6656400633280
6656400633280
6656400633280
6656400633280
6656400633280
6656400633280
6656400633280
6477025578800
6477025578800
6477025578800
6350400551680
6350400551680
6350400551680
6350400551680
6350400551680
6350400551680
6350400551680
6350400551680
6350400551680
6350400551680
6350400551680
6350400551680
6350400551680
6350400551680
6350400551680
6350400551680
6350400551680
6350400551680
6350400551680
6350400551680
6350400551680
6350400551680
6350400551680
6350400551680
6350400551680
6350400551680
6350400551680
6350400551680
6350400551680
6350400551680
6350400551680
6350400551680
6350400551680
6350400551680
6350400551680
