23025000
20325000
16500000
16500000
16500000
16500000
15150000
15150000
15150000
13875000
13875000
13875000
13875000
13875000
10275000
10275000
10275000
10275000
10275000
10275000
10275000
10275000
10275000
10275000
10275000
10275000
10275000
10275000
10275000
10275000
10275000
10275000
10275000
10125000
10125000
10125000
10125000
10125000
10125000
8625000
8625000
8625000
8625000
8625000
8625000
8625000
8625000
8625000
8625000
8625000
8625000
8625000
8625000
8625000
8625000
8625000
8625000
8625000
8625000
8625000
8625000
8625000
8625000
8025000
8025000
8025000
8025000
8025000
8025000
7425000
7425000
7425000
7425000
7425000
7425000
7425000
7425000
7425000
7425000
7425000
7425000
7425000
7425000
7425000
7425000
7425000
7425000
7425000
7425000
7425000
7350000
7350000
7350000
7350000
7350000
7350000
7350000
7350000
7350000
7350000
6975000
6975000
6975000
6975000
6975000
6975000
6975000
6975000
6975000
6975000
6975000
6975000
3450000
3450000
3450000
3450000
3450000
3450000
3450000
3450000
3450000
3450000
3450000
3450000
3450000
3450000
3450000
3450000
3450000
3450000
3450000
3450000
3450000
3450000
3450000
3450000
3450000
3450000
3450000
3450000
3450000
3450000
3450000
3450000
3450000
3450000
3450000
3450000
3450000
3450000
3450000
3450000
3450000
3450000
3450000
3450000
3450000
3450000
3450000
3450000
3450000
3450000
3450000
3450000
3450000
3450000
3450000
3450000
3450000
3450000
3450000
3450000
3450000
3450000
3450000
3450000
3450000
3450000
3450000
3450000
3450000
3450000
3450000
3450000
3450000
3450000
3450000
3450000
3450000
3450000
3450000
3450000
3450000
3450000
3450000
3450000
3450000
3450000
3450000
3450000
3450000
3450000
