1384958450157120
1572519025303280
1303571025403040
1093955625502160
921426025345120
762588225481600
557196025494400
557196025494400
385533225553440
317908900511280
191407225582720
191407225582720
143640225543600
143640225543600
143640225543600
126000625553600
113529025514560
84456100436240
60217600513600
57836025466960
38564100531360
38564100531360
23136100544880
23136100544880
23136100544880
23136100544880
23088025433360
23088025433360
16443025602160
16443025602160
16443025602160
16443025602160
16443025602160
13542400272640
13542400272640
13542400272640
13542400272640
13542400272640
8643600561360
8643600561360
8643600561360
8643600561360
8643600561360
8643600561360
8151025491360
8151025491360
8151025491360
8151025491360
8151025491360
8151025491360
8151025491360
8151025491360
8151025491360
8151025491360
7645225217040
7535025571760
7535025571760
7535025571760
7535025571760
7535025571760
7507600532480
7507600532480
7507600532480
7507600532480
7507600532480
7507600532480
7507600532480
7507600532480
7507600532480
7507600532480
7507600532480
7507600532480
7507600532480
7182400562720
7182400562720
7182400562720
7182400562720
7182400562720
7182400562720
7182400562720
7128900522320
7128900522320
7128900522320
7128900522320
7128900522320
7128900522320
7128900522320
7128900522320
6708100502960
6708100502960
6708100502960
6708100502960
6708100502960
6708100502960
6708100502960
6708100502960
6708100502960
6708100502960
6708100502960
6708100502960
6708100502960
6708100502960
