2209000000095440
1039417600418400
776179600443040
390457600532960
390457600532960
390457600532960
371525625634000
282072025513920
159012100412240
150552900556320
134792100593360
70896400536640
70896400536640
59444100573840
59444100573840
46512400613360
26988025383520
26988025383520
25654225383200
25654225383200
25654225383200
21114025442480
21114025442480
21114025442480
21114025442480
14822500323120
14822500323120
14822500323120
14822500323120
14822500323120
14822500323120
14822500323120
14822500323120
14822500323120
14822500323120
14822500323120
14822500323120
14592400341040
14592400341040
14592400341040
14592400341040
14592400341040
14592400341040
14592400341040
14592400341040
14592400341040
14592400341040
13764100483120
12852225473120
12852225473120
12852225473120
12852225473120
12852225473120
12852225473120
12852225473120
12852225473120
12852225473120
12852225473120
12852225473120
12852225473120
10595025462320
10595025462320
10595025462320
10595025462320
10595025462320
10595025462320
10595025462320
10368400321840
10368400321840
10368400321840
10017225352720
10017225352720
10017225352720
10017225352720
10017225352720
10017225352720
10017225352720
10017225352720
10017225352720
10017225352720
10017225352720
10017225352720
10017225352720
10017225352720
7728400412960
7535025292800
7535025292800
7535025292800
7535025292800
7535025292800
7535025292800
7535025292800
7535025292800
7236100272480
7236100272480
7155625342560
6656400302640
6656400302640
6656400302640
6656400302640
6656400302640
6656400302640
