18825000
11775000
11775000
11775000
11775000
11775000
11775000
11775000
11775000
11775000
11775000
11775000
11775000
11775000
11775000
11775000
11775000
11775000
11775000
11775000
11775000
11175000
10650000
10650000
10650000
10650000
10575000
10575000
10575000
10575000
8775000
8775000
8775000
8775000
8775000
8775000
8775000
8775000
8775000
8775000
8775000
8775000
8775000
8775000
8775000
8775000
8475000
8475000
8475000
8475000
8475000
8475000
8475000
8475000
8475000
8475000
8475000
8475000
8475000
8475000
8475000
8475000
8475000
7800000
7800000
7800000
7800000
7800000
7800000
7800000
7800000
7800000
6225000
6225000
6225000
6225000
6225000
6225000
6225000
6225000
6225000
6225000
6225000
6225000
6225000
6225000
6225000
6225000
6225000
6225000
6225000
6225000
6225000
6225000
6225000
6225000
6225000
6225000
6225000
6225000
6225000
6225000
6225000
6225000
6225000
6225000
4800000
4800000
4800000
4800000
4800000
4800000
4800000
4800000
4800000
4800000
4800000
4800000
4800000
4800000
4800000
4800000
4800000
4800000
4800000
4800000
4800000
4800000
4800000
4800000
4800000
4800000
4800000
4800000
4800000
4800000
4800000
4800000
4800000
4800000
4800000
4800000
4800000
4800000
4800000
4800000
4800000
4800000
4800000
4800000
4800000
4800000
4800000
4800000
4800000
4800000
4800000
4800000
4800000
4800000
4800000
4800000
4800000
4800000
4800000
4800000
4800000
4800000
4800000
4800000
4800000
4800000
4800000
4800000
4800000
4800000
4800000
4800000
4800000
4800000
4800000
4800000
4800000
4800000
4800000
4800000
4800000
4800000
4800000
4800000
4800000
4800000
4800000
4800000
4800000
4800000
4800000
3375000
3375000
3375000
3375000
3375000
