6412806400144240
2707120900143440
2464129600040400
1775358225274000
1477633600131760
1458858025030480
981568900207840
896104225239200
877048225208560
581774400026400
482680900627920
206496900363200
206496900363200
164737225492320
164737225492320
135489600432560
81721600391440
63043600604320
51337225521760
51337225521760
51337225521760
51337225521760
50197225615920
50197225615920
50197225615920
50197225615920
40960000584000
36240400535120
36240400535120
27615025574880
27615025574880
27615025574880
27615025574880
27615025574880
27615025574880
27615025574880
25959025506320
25553025603040
25553025603040
25553025603040
25553025603040
25050025395600
25050025395600
25050025395600
25050025395600
25050025395600
21160000622960
21160000622960
21160000622960
17181025525040
17181025525040
17181025525040
16160400574160
16160400574160
16160400574160
16160400574160
16160400574160
16160400574160
16160400574160
16160400574160
16160400574160
16160400574160
13690000613360
12215025544720
12215025544720
12215025544720
12215025544720
9486400554560
9486400554560
7590025435040
7590025435040
7590025435040
7590025435040
7590025435040
6250000593680
6250000593680
6250000593680
6250000593680
6200100435680
6027025573200
6027025573200
6027025573200
6027025573200
6027025573200
6027025573200
6027025573200
6027025573200
6027025573200
6027025573200
5978025437360
5978025437360
5978025437360
5978025437360
5978025437360
5978025437360
5978025437360
5978025437360
5978025437360
5978025437360
5978025437360
5978025437360
5978025437360
