6458445378173880
4004991225168400
2977884900618960
2977884900618960
2179956100634320
1749748900486160
1144130625574080
1065043225396880
1030731025591920
788205625274080
751308100506800
751308100506800
542191225583440
396607225502160
396607225502160
238084900363520
238084900363520
238084900363520
148962025374800
96236100562560
59521225383600
59521225383600
59521225383600
50481025343520
48163600523440
37761025321040
37761025321040
37761025321040
37761025321040
29539225492800
29539225492800
22657600533200
22657600533200
22657600533200
22657600533200
22657600533200
22657600533200
15840400424240
15840400424240
15840400424240
15840400424240
14592400452800
14592400452800
14592400452800
14592400452800
14592400452800
14592400452800
14592400452800
14592400452800
14592400452800
13359025520480
13359025520480
13359025520480
10400625427520
9302500521680
9302500521680
9302500521680
9302500521680
8880400473680
8880400473680
8555625591760
8555625591760
7209225503440
7209225503440
7209225503440
7155625323360
7155625323360
7155625323360
7155625323360
7155625323360
7155625323360
7155625323360
7155625323360
7155625323360
7155625323360
7155625323360
7155625323360
7155625323360
7155625323360
7155625323360
7155625323360
7155625323360
7155625323360
7155625323360
7155625323360
7155625323360
6553600631680
6553600631680
6553600631680
6553600631680
6553600631680
6553600631680
6553600631680
6553600631680
6553600631680
6553600631680
6553600631680
6553600631680
6553600631680
6553600631680
6553600631680
6553600631680
