Cost Function Loading...
Cost Function and Assertions Loaded Successfully
Initial Local Optimal Cost is:  3694345903436040
794958025484800
397803025491600
397404225475840
324180025522000
172791025323680
96236100432720
96236100432720
96236100432720
90630400501040
64802500502320
41667025325840
41667025325840
41667025325840
41667025325840
29920900540960
29920900540960
29920900540960
29920900540960
29920900540960
28408900490560
28408900490560
28408900490560
28408900490560
28408900490560
25755625303920
25755625303920
20976400511040
20976400511040
20976400511040
20976400511040
20976400511040
20976400511040
20976400511040
20976400511040
20976400511040
20976400511040
20976400511040
18105025227600
14402025583600
14402025583600
14402025583600
14402025583600
14402025583600
14402025583600
14402025583600
14402025583600
14402025583600
11323225553680
11323225553680
11323225553680
11323225553680
11323225553680
11323225553680
11323225553680
11323225553680
11323225553680
11323225553680
11323225553680
11323225553680
11323225553680
11323225553680
10692900535040
10692900535040
10692900535040
10692900535040
10692900535040
10692900535040
9363600463840
9363600463840
9363600463840
9363600463840
7562500363680
7562500363680
7562500363680
7562500363680
7562500363680
7562500363680
7562500363680
7562500363680
7562500363680
7562500363680
7236100432560
7236100432560
7236100432560
7236100432560
7236100432560
7236100432560
7236100432560
7236100432560
7236100432560
7236100432560
7155625602560
7155625602560
7155625602560
7155625602560
7155625602560
7155625602560
7155625602560
7155625602560
7155625602560
#############Final Cost:  7155625602560
Cost Function Loading...
Cost Function and Assertions Loaded Successfully
Initial Local Optimal Cost is:  6903117225496640
2149249600623440
1319142400633840
1319142400633840
1319142400633840
578643025571200
473715225544640
457532100585120
366722500593920
271590400556320
157377025536560
157377025536560
70896400536240
70896400536240
69555600563600
69555600563600
46512400523520
40195600415200
40195600415200
40195600415200
40195600415200
40195600415200
40195600415200
40195600415200
40195600415200
40195600415200
34339600511920
34339600511920
34339600511920
34339600511920
16160400622160
16160400622160
16160400622160
12496225595440
11971600614720
11971600614720
11971600614720
9394225585360
9394225585360
9394225585360
9394225585360
9394225585360
9394225585360
9394225585360
9394225585360
9394225585360
9394225585360
9394225585360
9394225585360
9394225585360
9394225585360
8850625635920
8850625635920
8850625635920
8850625635920
6656400633280
6656400633280
6656400633280
6656400633280
6656400633280
6656400633280
6656400633280
6656400633280
6656400633280
6477025578800
6477025578800
6477025578800
6350400551680
6350400551680
6350400551680
6350400551680
6350400551680
6350400551680
6350400551680
6350400551680
6350400551680
6350400551680
6350400551680
6350400551680
6350400551680
6350400551680
6350400551680
6350400551680
6350400551680
6350400551680
6350400551680
6350400551680
6350400551680
6350400551680
6350400551680
6350400551680
6350400551680
6350400551680
6350400551680
6350400551680
6350400551680
6350400551680
6350400551680
6350400551680
6350400551680
6350400551680
#############Final Cost:  6350400551680
Cost Function Loading...
Cost Function and Assertions Loaded Successfully
Initial Local Optimal Cost is:  1384958450157120
1572519025303280
1303571025403040
1093955625502160
921426025345120
762588225481600
557196025494400
557196025494400
385533225553440
317908900511280
191407225582720
191407225582720
143640225543600
143640225543600
143640225543600
126000625553600
113529025514560
84456100436240
60217600513600
57836025466960
38564100531360
38564100531360
23136100544880
23136100544880
23136100544880
23136100544880
23088025433360
23088025433360
16443025602160
16443025602160
16443025602160
16443025602160
16443025602160
13542400272640
13542400272640
13542400272640
13542400272640
13542400272640
8643600561360
8643600561360
8643600561360
8643600561360
8643600561360
8643600561360
8151025491360
8151025491360
8151025491360
8151025491360
8151025491360
8151025491360
8151025491360
8151025491360
8151025491360
8151025491360
7645225217040
7535025571760
7535025571760
7535025571760
7535025571760
7535025571760
7507600532480
7507600532480
7507600532480
7507600532480
7507600532480
7507600532480
7507600532480
7507600532480
7507600532480
7507600532480
7507600532480
7507600532480
7507600532480
7182400562720
7182400562720
7182400562720
7182400562720
7182400562720
7182400562720
7182400562720
7128900522320
7128900522320
7128900522320
7128900522320
7128900522320
7128900522320
7128900522320
7128900522320
6708100502960
6708100502960
6708100502960
6708100502960
6708100502960
6708100502960
6708100502960
6708100502960
6708100502960
6708100502960
6708100502960
6708100502960
6708100502960
#############Final Cost:  6708100502960
Cost Function Loading...
Cost Function and Assertions Loaded Successfully
Initial Local Optimal Cost is:  134618006539120
88642225441120
84364225310640
84364225310640
60528400202160
58369600230880
58369600230880
54390625180960
30360100171040
30360100171040
27615025361520
27615025361520
27615025361520
27615025361520
27196225374720
27196225374720
23425600472560
23425600472560
22420225364320
14976900440800
14976900440800
14976900440800
14976900440800
14976900440800
14976900440800
14976900440800
14976900440800
14976900440800
14976900440800
14976900440800
14668900610880
13875625444160
13875625444160
13875625444160
13875625444160
13875625444160
13875625444160
13395600582000
12496225592640
11764900554160
11764900554160
10112400592080
10112400592080
10112400592080
10112400592080
9891025536560
9891025536560
9891025536560
9891025536560
9891025536560
9891025536560
9891025536560
9394225603760
9394225603760
9394225603760
9394225603760
9394225603760
9394225603760
9394225603760
9394225603760
9394225603760
9394225603760
9394225603760
8122500551840
8122500551840
8122500551840
8122500551840
8122500551840
8122500551840
8122500551840
8122500551840
8122500551840
8122500551840
8122500551840
8122500551840
8122500551840
8122500551840
8122500551840
8122500551840
7980625563120
7980625563120
7980625563120
7980625563120
7980625563120
7980625563120
7980625563120
7728400542000
7728400542000
7728400542000
7728400542000
7728400542000
7590025434640
7590025434640
7590025434640
7590025434640
7590025434640
7590025434640
7590025434640
7590025434640
7590025434640
7590025434640
#############Final Cost:  7590025434640
Cost Function Loading...
Cost Function and Assertions Loaded Successfully
Initial Local Optimal Cost is:  3852005878287080
2389743225289120
1555119225611200
1555119225611200
1039095225273440
1039095225273440
1039095225273440
1039095225273440
680427225422480
288490225592640
195580225473120
195580225473120
123321025632560
110145025531520
80013025337120
80013025337120
66748900594800
66748900594800
31922500604080
31922500604080
31922500604080
25654225571200
25654225571200
25654225571200
25654225571200
25654225571200
24059025291840
18062500321760
18062500321760
15132100603040
15132100603040
15132100603040
15132100603040
15132100603040
10240000561280
10240000561280
10240000561280
10240000561280
10240000561280
8702500462800
7980625422160
7980625422160
7980625422160
7980625422160
7980625422160
7980625422160
7980625422160
7980625422160
7980625422160
7980625422160
7562500512480
7562500512480
7562500512480
7371225321520
7371225321520
7371225321520
7371225321520
7371225321520
7371225321520
7371225321520
7371225321520
7128900301600
7128900301600
7128900301600
7128900301600
7128900301600
7128900301600
6682225341280
6682225341280
6682225341280
6682225341280
6682225341280
6682225341280
6682225341280
6682225341280
6682225341280
6682225341280
6682225341280
6682225341280
6682225341280
6682225341280
6682225341280
6682225341280
6682225341280
6682225341280
6682225341280
6682225341280
6682225341280
6682225341280
6682225341280
6682225341280
6682225171520
6682225171520
6682225171520
6682225171520
6682225171520
6682225171520
6682225171520
6682225171520
6682225171520
6682225171520
#############Final Cost:  6682225171520
Cost Function Loading...
Cost Function and Assertions Loaded Successfully
Initial Local Optimal Cost is:  6412806400144240
2707120900143440
2464129600040400
1775358225274000
1477633600131760
1458858025030480
981568900207840
896104225239200
877048225208560
581774400026400
482680900627920
206496900363200
206496900363200
164737225492320
164737225492320
135489600432560
81721600391440
63043600604320
51337225521760
51337225521760
51337225521760
51337225521760
50197225615920
50197225615920
50197225615920
50197225615920
40960000584000
36240400535120
36240400535120
27615025574880
27615025574880
27615025574880
27615025574880
27615025574880
27615025574880
27615025574880
25959025506320
25553025603040
25553025603040
25553025603040
25553025603040
25050025395600
25050025395600
25050025395600
25050025395600
25050025395600
21160000622960
21160000622960
21160000622960
17181025525040
17181025525040
17181025525040
16160400574160
16160400574160
16160400574160
16160400574160
16160400574160
16160400574160
16160400574160
16160400574160
16160400574160
16160400574160
13690000613360
12215025544720
12215025544720
12215025544720
12215025544720
9486400554560
9486400554560
7590025435040
7590025435040
7590025435040
7590025435040
7590025435040
6250000593680
6250000593680
6250000593680
6250000593680
6200100435680
6027025573200
6027025573200
6027025573200
6027025573200
6027025573200
6027025573200
6027025573200
6027025573200
6027025573200
6027025573200
5978025437360
5978025437360
5978025437360
5978025437360
5978025437360
5978025437360
5978025437360
5978025437360
5978025437360
5978025437360
5978025437360
5978025437360
#############Final Cost:  5978025437360
Cost Function Loading...
Cost Function and Assertions Loaded Successfully
Initial Local Optimal Cost is:  2209000000095440
1039417600418400
776179600443040
390457600532960
390457600532960
390457600532960
371525625634000
282072025513920
159012100412240
150552900556320
134792100593360
70896400536640
70896400536640
59444100573840
59444100573840
46512400613360
26988025383520
26988025383520
25654225383200
25654225383200
25654225383200
21114025442480
21114025442480
21114025442480
21114025442480
14822500323120
14822500323120
14822500323120
14822500323120
14822500323120
14822500323120
14822500323120
14822500323120
14822500323120
14822500323120
14822500323120
14822500323120
14592400341040
14592400341040
14592400341040
14592400341040
14592400341040
14592400341040
14592400341040
14592400341040
14592400341040
14592400341040
13764100483120
12852225473120
12852225473120
12852225473120
12852225473120
12852225473120
12852225473120
12852225473120
12852225473120
12852225473120
12852225473120
12852225473120
12852225473120
10595025462320
10595025462320
10595025462320
10595025462320
10595025462320
10595025462320
10595025462320
10368400321840
10368400321840
10368400321840
10017225352720
10017225352720
10017225352720
10017225352720
10017225352720
10017225352720
10017225352720
10017225352720
10017225352720
10017225352720
10017225352720
10017225352720
10017225352720
10017225352720
7728400412960
7535025292800
7535025292800
7535025292800
7535025292800
7535025292800
7535025292800
7535025292800
7535025292800
7236100272480
7236100272480
7155625342560
6656400302640
6656400302640
6656400302640
6656400302640
6656400302640
#############Final Cost:  6656400302640
Cost Function Loading...
Cost Function and Assertions Loaded Successfully
Initial Local Optimal Cost is:  3343730625448560
1940402500362720
1940402500362720
1940402500362720
1375297225392960
1268428225353920
1149549025424320
740656225383120
463540900453840
463540900453840
366722500463520
366722500463520
366722500463520
324360100395600
252810000551920
242892225433360
212284900464000
108368100432800
108368100432800
108368100432800
108368100432800
105781225352560
81721600384640
81721600384640
55204900482640
55204900482640
55204900482640
54096025563760
54096025563760
46785600446320
46785600446320
45832900543840
45832900543840
34751025581360
34751025581360
17556100334320
17556100334320
17556100334320
17556100334320
17556100334320
17556100334320
17556100334320
17556100334320
17556100334320
17556100334320
17556100334320
17556100334320
17556100334320
17556100334320
17556100334320
17556100334320
17556100334320
17556100334320
17556100334320
17556100334320
17556100334320
17556100334320
17556100334320
17556100334320
17556100334320
17556100334320
17556100334320
17556100334320
17556100334320
17556100334320
17556100334320
15920100431600
15920100431600
15920100431600
15920100431600
15920100431600
15681600464400
12531600462720
12040900451600
12040900451600
12040900451600
10272025452560
10272025452560
10176100452400
10176100452400
10176100452400
10176100452400
10176100452400
10176100452400
10176100452400
10176100452400
9180900603440
9180900603440
9180900603440
9180900603440
9180900603440
9180900603440
9180900603440
9180900603440
8820900434800
8820900434800
8820900434800
8820900434800
8820900434800
8820900434800
8820900434800
#############Final Cost:  8820900434800
Cost Function Loading...
Cost Function and Assertions Loaded Successfully
Initial Local Optimal Cost is:  3332175625023760
1214871025293360
832322500322320
638825625242800
542890000411040
467208225421440
406627225144000
355134025423440
297217600363360
297217600363360
243516025523200
201072400523200
147015625364000
67980025521920
64561225576160
64561225576160
64561225576160
46785600544000
41344900573440
41344900573440
30913600346080
30913600346080
22944100550720
22944100550720
22944100550720
16160400473760
12816400556080
12816400556080
12816400556080
11764900635680
11764900635680
11764900635680
10857025585520
10857025585520
10692900584160
10692900584160
10692900584160
10692900584160
10692900584160
10692900584160
8791225445440
8791225445440
8791225445440
8791225445440
8791225445440
8791225445440
8791225445440
8791225445440
8791225445440
8791225445440
8208225562400
8208225562400
8208225562400
8208225562400
8208225562400
8208225562400
8208225562400
8208225562400
8208225562400
8122500531840
8122500531840
8122500531840
8122500531840
8122500531840
8122500531840
8122500531840
8094025485920
8094025485920
8094025485920
8094025485920
8094025485920
8094025485920
8094025485920
8094025485920
8094025485920
8094025485920
8094025485920
8094025485920
8094025485920
8094025485920
8094025485920
8094025485920
8094025485920
8094025485920
8094025485920
8094025485920
8094025485920
8094025485920
8094025485920
8094025485920
8094025485920
8094025485920
8094025485920
8094025485920
8094025485920
8094025485920
8094025485920
8094025485920
8094025485920
8094025485920
8094025485920
#############Final Cost:  8094025485920
Cost Function Loading...
Cost Function and Assertions Loaded Successfully
Initial Local Optimal Cost is:  6458445378173880
4004991225168400
2977884900618960
2977884900618960
2179956100634320
1749748900486160
1144130625574080
1065043225396880
1030731025591920
788205625274080
751308100506800
751308100506800
542191225583440
396607225502160
396607225502160
238084900363520
238084900363520
238084900363520
148962025374800
96236100562560
59521225383600
59521225383600
59521225383600
50481025343520
48163600523440
37761025321040
37761025321040
37761025321040
37761025321040
29539225492800
29539225492800
22657600533200
22657600533200
22657600533200
22657600533200
22657600533200
22657600533200
15840400424240
15840400424240
15840400424240
15840400424240
14592400452800
14592400452800
14592400452800
14592400452800
14592400452800
14592400452800
14592400452800
14592400452800
14592400452800
13359025520480
13359025520480
13359025520480
10400625427520
9302500521680
9302500521680
9302500521680
9302500521680
8880400473680
8880400473680
8555625591760
8555625591760
7209225503440
7209225503440
7209225503440
7155625323360
7155625323360
7155625323360
7155625323360
7155625323360
7155625323360
7155625323360
7155625323360
7155625323360
7155625323360
7155625323360
7155625323360
7155625323360
7155625323360
7155625323360
7155625323360
7155625323360
7155625323360
7155625323360
7155625323360
7155625323360
6553600631680
6553600631680
6553600631680
6553600631680
6553600631680
6553600631680
6553600631680
6553600631680
6553600631680
6553600631680
6553600631680
6553600631680
6553600631680
6553600631680
6553600631680
#############Final Cost:  6553600631680
Cost Function Loading...
Cost Function and Assertions Loaded Successfully
Initial Local Optimal Cost is:  18825000
11775000
11775000
11775000
11775000
11775000
11775000
11775000
11775000
11775000
11775000
11775000
11775000
11775000
11775000
11775000
11775000
11775000
11775000
11775000
11775000
11175000
10650000
10650000
10650000
10650000
10575000
10575000
10575000
10575000
8775000
8775000
8775000
8775000
8775000
8775000
8775000
8775000
8775000
8775000
8775000
8775000
8775000
8775000
8775000
8775000
8475000
8475000
8475000
8475000
8475000
8475000
8475000
8475000
8475000
8475000
8475000
8475000
8475000
8475000
8475000
8475000
8475000
7800000
7800000
7800000
7800000
7800000
7800000
7800000
7800000
7800000
6225000
6225000
6225000
6225000
6225000
6225000
6225000
6225000
6225000
6225000
6225000
6225000
6225000
6225000
6225000
6225000
6225000
6225000
6225000
6225000
6225000
6225000
6225000
6225000
6225000
6225000
6225000
6225000
6225000
6225000
6225000
6225000
6225000
6225000
4800000
4800000
4800000
4800000
4800000
4800000
4800000
4800000
4800000
4800000
4800000
4800000
4800000
4800000
4800000
4800000
4800000
4800000
4800000
4800000
4800000
4800000
4800000
4800000
4800000
4800000
4800000
4800000
4800000
4800000
4800000
4800000
4800000
4800000
4800000
4800000
4800000
4800000
4800000
4800000
4800000
4800000
4800000
4800000
4800000
4800000
4800000
4800000
4800000
4800000
4800000
4800000
4800000
4800000
4800000
4800000
4800000
4800000
4800000
4800000
4800000
4800000
4800000
4800000
4800000
4800000
4800000
4800000
4800000
4800000
4800000
4800000
4800000
4800000
4800000
4800000
4800000
4800000
4800000
4800000
4800000
4800000
4800000
4800000
4800000
4800000
4800000
4800000
4800000
4800000
4800000
3375000
3375000
3375000
3375000
#############Final Cost:  3375000
Cost Function Loading...
Cost Function and Assertions Loaded Successfully
Initial Local Optimal Cost is:  23025000
20325000
16500000
16500000
16500000
16500000
15150000
15150000
15150000
13875000
13875000
13875000
13875000
13875000
10275000
10275000
10275000
10275000
10275000
10275000
10275000
10275000
10275000
10275000
10275000
10275000
10275000
10275000
10275000
10275000
10275000
10275000
10275000
10125000
10125000
10125000
10125000
10125000
10125000
8625000
8625000
8625000
8625000
8625000
8625000
8625000
8625000
8625000
8625000
8625000
8625000
8625000
8625000
8625000
8625000
8625000
8625000
8625000
8625000
8625000
8625000
8625000
8625000
8025000
8025000
8025000
8025000
8025000
8025000
7425000
7425000
7425000
7425000
7425000
7425000
7425000
7425000
7425000
7425000
7425000
7425000
7425000
7425000
7425000
7425000
7425000
7425000
7425000
7425000
7425000
7350000
7350000
7350000
7350000
7350000
7350000
7350000
7350000
7350000
7350000
6975000
6975000
6975000
6975000
6975000
6975000
6975000
6975000
6975000
6975000
6975000
6975000
3450000
3450000
3450000
3450000
3450000
3450000
3450000
3450000
3450000
3450000
3450000
3450000
3450000
3450000
3450000
3450000
3450000
3450000
3450000
3450000
3450000
3450000
3450000
3450000
3450000
3450000
3450000
3450000
3450000
3450000
3450000
3450000
3450000
3450000
3450000
3450000
3450000
3450000
3450000
3450000
3450000
3450000
3450000
3450000
3450000
3450000
3450000
3450000
3450000
3450000
3450000
3450000
3450000
3450000
3450000
3450000
3450000
3450000
3450000
3450000
3450000
3450000
3450000
3450000
3450000
3450000
3450000
3450000
3450000
3450000
3450000
3450000
3450000
3450000
3450000
3450000
3450000
3450000
3450000
3450000
3450000
3450000
3450000
3450000
3450000
3450000
3450000
3450000
3450000
#############Final Cost:  3450000
Cost Function Loading...
Cost Function and Assertions Loaded Successfully
Initial Local Optimal Cost is:  15675000
13575000
12150000
11175000
11175000
11175000
10500000
10500000
10500000
10500000
10500000
10500000
10500000
10500000
10500000
10500000
10500000
10500000
10500000
9225000
9225000
7350000
6450000
6450000
6450000
6450000
6450000
6450000
6450000
6450000
6450000
6450000
6450000
6450000
6450000
6450000
6450000
6450000
6450000
6450000
6450000
6450000
6450000
6450000
6450000
6450000
6450000
6450000
6450000
6450000
6450000
6450000
6450000
6450000
6450000
6450000
6450000
6450000
6450000
6450000
6450000
6450000
6450000
6450000
6450000
6450000
6450000
6450000
6450000
6450000
6450000
6450000
6450000
6450000
6450000
6450000
6450000
6450000
6450000
6450000
6450000
6450000
6450000
6450000
6450000
6450000
6450000
6450000
6450000
6450000
6450000
6450000
6450000
6450000
6450000
6450000
6450000
6450000
6450000
6450000
6450000
6450000
6375000
6375000
6375000
6375000
6375000
6375000
6375000
6375000
6375000
6375000
4725000
4725000
4725000
4725000
4725000
4725000
4725000
4725000
4725000
4725000
4725000
4725000
4725000
4725000
4725000
4725000
4725000
4725000
4725000
4725000
4725000
4725000
4725000
4725000
4725000
4725000
4725000
4725000
4725000
4725000
4725000
4725000
4725000
4725000
4725000
4725000
4725000
4725000
4725000
4725000
4725000
4725000
4725000
4725000
4725000
4725000
4725000
4725000
4725000
4725000
4725000
4725000
4725000
4725000
4725000
4725000
4725000
4725000
4725000
4725000
4725000
4725000
4725000
4725000
4725000
4725000
4725000
4725000
4725000
4725000
4725000
4725000
4725000
4725000
4725000
4725000
4725000
4725000
4725000
4725000
4725000
4725000
4725000
4725000
4725000
4725000
4725000
4725000
4725000
#############Final Cost:  4725000
Cost Function Loading...
Cost Function and Assertions Loaded Successfully
Initial Local Optimal Cost is:  16425000
21675000
19275000
11250000
11250000
11250000
11250000
11250000
11250000
11175000
9525000
9525000
9525000
9525000
9525000
9525000
9525000
7875000
7875000
7875000
7875000
7875000
7875000
7875000
7875000
7875000
7875000
7875000
7875000
7875000
7875000
7875000
7725000
7725000
7725000
7725000
7725000
7725000
7725000
7200000
7200000
7200000
7200000
7200000
7200000
7200000
7200000
7200000
7200000
7200000
7200000
7200000
7200000
7200000
7200000
6675000
6675000
6675000
6675000
6675000
6675000
6675000
6675000
6675000
6225000
6225000
6225000
6225000
6225000
6225000
6225000
6225000
6225000
6225000
6225000
6225000
6225000
6225000
6225000
6225000
6225000
6225000
6225000
6225000
6225000
6225000
6225000
6225000
6225000
5550000
5550000
5550000
5550000
5550000
5550000
5550000
5550000
5550000
5550000
5550000
5550000
5550000
5550000
5550000
5550000
5550000
5550000
5550000
5550000
5550000
5550000
5550000
5550000
5550000
5550000
5550000
5550000
5550000
5550000
5550000
5550000
5550000
5550000
5550000
5550000
5550000
5550000
5550000
5550000
5550000
5550000
5550000
5550000
5550000
5550000
5550000
5550000
5550000
5550000
5550000
5550000
5550000
5550000
5550000
5550000
5550000
5550000
5550000
5550000
5550000
5550000
5550000
5550000
5550000
5550000
5550000
5550000
5550000
5550000
5550000
5550000
5550000
5550000
5550000
5550000
5550000
5550000
5550000
5550000
5550000
5550000
5550000
4350000
4350000
4350000
4350000
4350000
4350000
4350000
4350000
4350000
4350000
4350000
4350000
4350000
4350000
4350000
4350000
4350000
4350000
4350000
4350000
4350000
4350000
4350000
4350000
4350000
4350000
4350000
4350000
4350000
#############Final Cost:  4350000
Cost Function Loading...
Cost Function and Assertions Loaded Successfully
Initial Local Optimal Cost is:  34875000
14400000
12825000
12825000
12825000
12825000
12825000
11475000
11475000
11475000
11475000
11475000
11475000
8700000
8700000
8700000
8700000
8700000
8700000
8700000
8700000
8700000
8700000
8700000
8700000
8700000
8700000
8700000
8700000
8700000
8700000
8700000
8700000
8700000
8700000
8700000
8700000
8700000
8700000
8700000
8700000
8700000
8700000
8700000
8700000
8700000
8475000
8475000
8475000
8475000
8475000
8475000
8475000
8475000
8475000
8475000
8475000
8475000
8475000
8475000
8475000
8475000
8475000
6975000
6975000
6975000
6975000
6975000
6975000
6975000
6975000
6975000
6975000
6975000
6975000
6975000
6975000
6975000
6975000
6975000
6975000
6975000
6975000
6975000
6975000
6975000
6975000
6975000
6975000
6975000
6975000
6975000
6975000
6975000
6975000
6975000
6975000
6975000
6975000
6975000
6975000
6975000
6975000
6975000
6975000
6975000
6975000
6975000
6975000
6975000
6975000
6975000
6975000
6975000
6975000
6975000
6975000
6975000
6975000
6975000
6975000
6975000
6975000
6975000
6975000
6975000
6975000
6975000
6975000
6975000
6975000
6975000
6975000
6975000
6975000
6975000
6975000
6975000
6975000
6975000
6975000
6975000
6975000
6975000
6975000
6975000
5700000
5700000
5700000
5700000
5700000
5700000
5700000
5700000
5700000
5700000
5700000
5700000
5700000
5700000
5700000
5700000
5700000
5700000
5700000
5700000
5700000
5700000
5700000
5700000
5700000
5700000
5700000
5700000
5700000
5700000
5700000
5700000
5700000
5700000
5700000
5700000
5700000
5700000
5700000
5700000
5700000
5700000
5700000
5700000
5700000
5700000
5700000
5700000
5700000
5700000
5700000
5700000
5700000
5700000
5700000
#############Final Cost:  5700000
Cost Function Loading...
Cost Function and Assertions Loaded Successfully
Initial Local Optimal Cost is:  38250000
21000000
18900000
18900000
18600000
18600000
18600000
18600000
18600000
18300000
16725000
16725000
16575000
16575000
16575000
15750000
15750000
15300000
15300000
15300000
14025000
13200000
13200000
13200000
13200000
13200000
13200000
13200000
11925000
11925000
11925000
11925000
11925000
11925000
11925000
11925000
11925000
11925000
11925000
11925000
11925000
11925000
11775000
11400000
11400000
10725000
10725000
10725000
10725000
10725000
10725000
10725000
10725000
10725000
10425000
10425000
6675000
6675000
6675000
6675000
6675000
6675000
6675000
6675000
6675000
6675000
6675000
6675000
6675000
6675000
6675000
6675000
6675000
6675000
6675000
6675000
6675000
6675000
6675000
6675000
6675000
6675000
6600000
6600000
6600000
6600000
6600000
6600000
6600000
6600000
6600000
6600000
6600000
6600000
6600000
6600000
6600000
6600000
6600000
6600000
6600000
6600000
6600000
6600000
6600000
6600000
6600000
6600000
6600000
6600000
6600000
6600000
6600000
6600000
6600000
6600000
6600000
6600000
6450000
5925000
5925000
5925000
5925000
5925000
5925000
5925000
5925000
5925000
5925000
5925000
5925000
5925000
5925000
5925000
5925000
5925000
5925000
5925000
5925000
5925000
5250000
5250000
5250000
5250000
4725000
4725000
4725000
4725000
4725000
4725000
4725000
4725000
4725000
4725000
4725000
4725000
4725000
4725000
4725000
4725000
4725000
4725000
4725000
4725000
4725000
4725000
4725000
4725000
4725000
4725000
4725000
4725000
4725000
4725000
4725000
4725000
4725000
4725000
4725000
4725000
4725000
4725000
4725000
4725000
4725000
4725000
4725000
4725000
4725000
4725000
4725000
4725000
4725000
4725000
4725000
4725000
4725000
4725000
4725000
4725000
4725000
#############Final Cost:  4725000
Cost Function Loading...
Cost Function and Assertions Loaded Successfully
Initial Local Optimal Cost is:  43275000
22200000
21900000
20775000
18975000
15825000
15825000
15825000
15825000
11850000
11850000
11850000
11850000
11850000
11850000
11850000
11850000
11850000
10425000
10425000
10425000
10425000
10425000
9525000
8475000
8475000
7950000
7950000
7950000
7950000
7650000
7650000
7650000
7650000
7650000
7650000
7650000
7650000
7650000
7650000
7650000
7650000
7125000
7125000
7125000
7125000
5475000
5475000
5475000
5475000
5475000
5475000
5475000
5475000
5475000
5475000
5475000
5475000
5475000
5475000
5475000
5475000
5475000
5475000
5475000
5475000
5475000
5475000
5475000
5475000
5475000
5475000
5475000
5475000
5475000
5475000
5475000
5475000
5475000
5475000
5475000
5475000
5475000
5475000
5475000
5475000
5475000
5475000
5475000
4500000
4500000
4500000
4500000
4500000
4500000
4500000
4500000
4500000
4500000
4500000
4500000
4500000
4500000
4500000
4500000
4500000
4500000
4500000
4500000
4500000
4500000
4500000
4500000
4500000
4500000
4500000
4500000
4500000
4350000
4350000
4350000
4350000
4350000
4350000
4350000
4350000
4350000
4350000
4350000
4350000
4350000
4350000
4350000
4350000
4350000
4350000
4350000
4350000
4350000
4350000
4350000
4350000
4350000
4350000
4350000
4350000
4350000
4350000
4350000
4350000
4350000
4350000
4350000
4350000
4350000
4350000
4350000
4350000
4350000
4350000
4350000
4350000
4350000
4350000
4350000
4350000
4350000
4350000
4350000
4350000
4350000
4350000
4350000
4350000
4350000
4350000
4350000
4350000
4350000
4350000
4350000
4350000
4350000
4350000
4350000
4350000
4350000
4350000
4350000
4350000
4350000
4350000
4350000
4350000
4350000
4350000
4350000
4350000
4350000
4350000
4350000
#############Final Cost:  4350000
Cost Function Loading...
Cost Function and Assertions Loaded Successfully
Initial Local Optimal Cost is:  12450000
17625000
16725000
16725000
16725000
16725000
14400000
14400000
14400000
14400000
14400000
14400000
14400000
14400000
14400000
14400000
14400000
14400000
14400000
14400000
14400000
14400000
14400000
13650000
13650000
12600000
10200000
10200000
10200000
10200000
10200000
10200000
10200000
10200000
10200000
10200000
9000000
9000000
9000000
8850000
8850000
8850000
8775000
8775000
8775000
8775000
8775000
8775000
8775000
8775000
8775000
8175000
8175000
8175000
8175000
8175000
7275000
7275000
7275000
7275000
7275000
7275000
7275000
7275000
7275000
5700000
5700000
5700000
5700000
5700000
5700000
5700000
5700000
5700000
5700000
5700000
5700000
5700000
5700000
5700000
5700000
5700000
5700000
5700000
5700000
5700000
5700000
5700000
5700000
5700000
5700000
5700000
5550000
5550000
5550000
5550000
5550000
5550000
5550000
5550000
5550000
5550000
5550000
5550000
5550000
5550000
5550000
5550000
5550000
5550000
5550000
5550000
5550000
5550000
5550000
5550000
5550000
5550000
5550000
5550000
5550000
5550000
5550000
5550000
5550000
5550000
5550000
5550000
5550000
5550000
5550000
5550000
5550000
5550000
5550000
5550000
5550000
5550000
5550000
5550000
5550000
5550000
5550000
5550000
5550000
5550000
5550000
5550000
5550000
5550000
5550000
5550000
5550000
5550000
5550000
5550000
5550000
5550000
5550000
5550000
5550000
5550000
5550000
5550000
5550000
5550000
5550000
5550000
5550000
5550000
5550000
5550000
5550000
5550000
5550000
5550000
5550000
5550000
5550000
5550000
5550000
5550000
5550000
5550000
5550000
5550000
5550000
5550000
5550000
5550000
5550000
5550000
5550000
5550000
5550000
5550000
5550000
5550000
5550000
5475000
5475000
#############Final Cost:  5475000
Cost Function Loading...
Cost Function and Assertions Loaded Successfully
Initial Local Optimal Cost is:  42375000
16950000
16950000
16950000
16950000
16950000
15225000
15225000
15225000
15225000
15225000
15225000
14625000
14625000
14625000
14625000
14625000
14625000
11925000
11925000
11925000
11925000
11925000
11925000
11925000
11925000
11925000
11925000
10800000
10800000
10800000
10800000
10800000
10800000
10800000
10800000
10800000
10800000
10800000
10800000
10800000
10800000
10800000
10800000
10800000
10800000
10800000
10125000
10125000
10125000
10125000
10125000
10125000
10125000
10125000
10125000
10125000
10125000
10125000
10125000
10125000
10125000
10125000
10125000
10125000
10125000
10125000
10125000
10125000
10125000
10125000
10125000
10125000
10125000
10125000
10125000
10125000
10125000
10125000
10125000
10125000
10125000
10125000
10125000
9600000
9075000
9075000
9075000
9075000
9075000
9075000
9075000
9075000
9075000
8250000
8250000
8250000
8250000
8250000
8250000
8250000
8250000
8250000
8250000
8250000
8250000
8250000
8250000
8250000
8250000
7500000
7500000
7500000
7500000
7500000
7500000
7500000
7500000
7500000
7500000
7500000
7500000
7500000
7500000
7500000
7500000
7500000
7500000
7500000
7500000
7500000
7500000
7500000
7500000
7500000
7500000
7500000
7500000
7500000
7500000
7500000
7500000
7500000
7500000
7500000
7500000
7500000
7500000
7500000
7500000
7500000
7500000
7500000
7500000
7500000
7500000
7500000
7500000
7500000
7500000
7500000
7500000
7500000
7500000
7500000
7500000
7500000
7500000
7500000
7500000
7500000
7500000
7500000
7500000
7500000
7500000
7500000
7500000
7500000
7500000
7500000
7500000
7500000
7500000
7500000
7500000
7500000
7500000
7500000
7500000
7500000
7500000
7500000
7500000
7500000
7500000
7500000
7500000
7500000
7500000
7500000
#############Final Cost:  7500000
Cost Function Loading...
Cost Function and Assertions Loaded Successfully
Initial Local Optimal Cost is:  23250000
14625000
14625000
14625000
14250000
13725000
13725000
13725000
13725000
13725000
11700000
11700000
11700000
11700000
11700000
11700000
11700000
11700000
11700000
11700000
11700000
11700000
11700000
11700000
9225000
9225000
9225000
9225000
9225000
9225000
9225000
9225000
9225000
9225000
9225000
9225000
9225000
9225000
9225000
9225000
8100000
8100000
8100000
8100000
7725000
7725000
7725000
7725000
7350000
7350000
7350000
7350000
7350000
7350000
7350000
7350000
7350000
7350000
7350000
7350000
7350000
7350000
7350000
7350000
7350000
7350000
7350000
7350000
7350000
7350000
7125000
7125000
7125000
7125000
7125000
7125000
5175000
5175000
5175000
5175000
5175000
5175000
5175000
5175000
5175000
5175000
5175000
5175000
5175000
5175000
5175000
5175000
5175000
5175000
5175000
5175000
5175000
5175000
5175000
5175000
5175000
5175000
5175000
5175000
5175000
5175000
5175000
5175000
5175000
5175000
5175000
5175000
5175000
5175000
5175000
4500000
4500000
4500000
4500000
4500000
4500000
4500000
4500000
4500000
4500000
4500000
4500000
4500000
4500000
4500000
4500000
4500000
4500000
4500000
4500000
4500000
4500000
4500000
4500000
4500000
4500000
4500000
4500000
4500000
4500000
4500000
4500000
3525000
3525000
3525000
3525000
3525000
3525000
3525000
3525000
3525000
3525000
3525000
3525000
3300000
3300000
3300000
3300000
3300000
3300000
3300000
3300000
3300000
3300000
3300000
3300000
3300000
3300000
3300000
3300000
3300000
3300000
3300000
3300000
3300000
3300000
3300000
3300000
3300000
3300000
3300000
3300000
3300000
3300000
3300000
3300000
3300000
3300000
3300000
3300000
3300000
3300000
3300000
3300000
3300000
3300000
#############Final Cost:  3300000
