40500000
13950000
9675000
9675000
9675000
9675000
9675000
9675000
9675000
9675000
9675000
9675000
9675000
9675000
9675000
9675000
9675000
9675000
9675000
9675000
9675000
9675000
9675000
9675000
9675000
9675000
9675000
9675000
9675000
9675000
9675000
9675000
9675000
9675000
9675000
9675000
9675000
9675000
9675000
9675000
9675000
9675000
9675000
9675000
9675000
9675000
9675000
9675000
9675000
9675000
9450000
9450000
9450000
9450000
9450000
9450000
9450000
9450000
9450000
9450000
9450000
9450000
9450000
9150000
9150000
9150000
8775000
8775000
8775000
8775000
8775000
8775000
8775000
8775000
8775000
8775000
8775000
8775000
8775000
8775000
8775000
8775000
8775000
8775000
8775000
8775000
8775000
8775000
7875000
7875000
7875000
7875000
7875000
7875000
7875000
7875000
7875000
7875000
7875000
7875000
7875000
7875000
7875000
7875000
7875000
7875000
7875000
7875000
7875000
7875000
7875000
7875000
7875000
7875000
7875000
7875000
7875000
7875000
7875000
7875000
7875000
7875000
7875000
7875000
7425000
7425000
7425000
7425000
7425000
7425000
7425000
7425000
7425000
7425000
7425000
7425000
7425000
7425000
7425000
7425000
7425000
7425000
7425000
7425000
7425000
7425000
7425000
7425000
7425000
7425000
7425000
7425000
7425000
7425000
7425000
7425000
7050000
7050000
7050000
7050000
7050000
7050000
7050000
7050000
7050000
7050000
7050000
7050000
7050000
7050000
7050000
7050000
7050000
7050000
7050000
7050000
7050000
7050000
7050000
7050000
7050000
7050000
7050000
7050000
7050000
7050000
7050000
7050000
7050000
7050000
7050000
7050000
7050000
7050000
7050000
7050000
7050000
7050000
7050000
7050000
7050000
7050000
