5264919112641120
1347257025572320
949564225445040
541958400483440
541958400483440
472845025434720
156250000492800
156250000492800
140778225383680
137827600404800
98307225451600
98307225451600
98307225451600
85377600372480
79477225213920
79477225213920
29593600530640
29593600530640
26884225198240
20025625631520
20025625631520
14861025616800
14861025616800
14861025616800
14861025616800
14861025616800
14861025616800
14861025616800
14861025616800
14861025616800
14861025616800
13764100637120
13764100637120
13764100637120
13764100637120
12924025593040
12924025593040
11492100517520
11492100517520
11424400594880
10890000411840
10890000411840
10890000411840
10890000411840
10890000411840
10890000411840
10890000411840
10890000411840
10890000411840
10890000411840
10890000411840
10890000411840
10890000411840
10890000411840
10890000411840
10890000411840
10890000411840
10890000411840
10890000411840
10890000411840
10890000411840
10890000411840
10890000411840
10890000411840
10890000411840
10890000411840
10890000411840
10890000411840
10890000411840
10890000411840
10890000411840
10048900562320
10048900562320
10048900562320
10048900562320
10048900562320
10048900562320
10048900562320
10048900562320
10048900562320
8208225515840
8208225515840
8208225515840
8208225515840
8208225515840
8208225515840
8208225515840
8208225515840
8208225515840
8208225515840
8208225515840
8208225515840
8208225515840
8208225515840
8208225515840
8208225515840
8208225515840
8208225515840
8208225515840
8208225515840
8208225515840
8208225515840
