8202472056638800
2277675625602000
1374926400279120
1213477225208720
638320225298080
638320225298080
638320225298080
379470400596480
379470400596480
245705625502720
152522500304000
98109025442080
92640625422240
92640625422240
74390625454560
74390625454560
71910400396080
37393225492480
31809600503440
31809600503440
31809600503440
29702500473040
29702500473040
29702500473040
22043025413040
22043025413040
22043025413040
22043025413040
21529600364160
10595025502240
10595025502240
10595025502240
10595025502240
10595025502240
10595025502240
10595025502240
10595025502240
10595025502240
10595025502240
9486400603120
9486400603120
9486400603120
9486400603120
9486400603120
9486400603120
9486400603120
9486400603120
9486400603120
9486400603120
9486400603120
9486400603120
9486400603120
9486400603120
9486400603120
9486400603120
9486400603120
9486400603120
9180900445920
9180900445920
9180900445920
9180900445920
9180900445920
9180900445920
9180900445920
9180900445920
9000000601520
9000000601520
8910225401520
8910225401520
8265625553200
8265625553200
8265625553200
8265625553200
8265625553200
8265625553200
8265625553200
8265625553200
8265625553200
8265625553200
8265625553200
8265625553200
8265625553200
8265625553200
8265625553200
8265625553200
8265625553200
8265625553200
8265625553200
8265625553200
8265625553200
8265625553200
8265625553200
8265625553200
8265625553200
8265625553200
8265625553200
8265625553200
8265625553200
8265625553200
8265625553200
8265625553200
8265625553200
