967780012577520
1010286225635760
608115600536080
608115600536080
481583025572400
370562500585040
370562500585040
370562500585040
370562500585040
370562500585040
370562500585040
370562500585040
252333225613040
189888400443040
173185600462240
102111025433600
73444900542480
73444900542480
73102500508000
73102500508000
56325025620640
56325025620640
39753025501600
36000000462960
15840400382880
15840400382880
15840400382880
14025025394000
14025025394000
14025025394000
14025025394000
14025025394000
14025025394000
14025025394000
14025025394000
14025025394000
14025025394000
14025025394000
14025025394000
14025025394000
14025025394000
13432225531200
13432225531200
13432225531200
13432225531200
11088900536880
11088900536880
11088900536880
11088900536880
11088900536880
11088900536880
11088900536880
11088900536880
11088900536880
11088900536880
9394225586480
9394225586480
9394225586480
7263025581200
7263025581200
6969600323200
6969600323200
6969600323200
6969600323200
6969600323200
6969600323200
6969600323200
6969600323200
6969600323200
6969600323200
6969600323200
6969600323200
6969600323200
6969600323200
6969600323200
6969600323200
6969600323200
6969600323200
6969600323200
6969600323200
6969600323200
6969600323200
6969600323200
6969600323200
6969600323200
6969600323200
6969600323200
6969600323200
6969600323200
6969600323200
6969600323200
6969600323200
6969600323200
6969600323200
6969600323200
6969600323200
6969600323200
6969600323200
6969600323200
6969600323200
6812100451040
6812100451040
