45300000
14325000
14325000
14325000
14325000
14325000
10200000
10200000
10200000
10200000
10200000
10200000
10200000
10200000
10200000
10200000
10200000
10200000
10200000
10200000
10200000
10200000
10200000
10200000
10200000
10200000
10200000
9600000
9150000
9150000
9150000
9150000
9150000
8025000
8025000
8025000
8025000
8025000
8025000
8025000
8025000
8025000
8025000
8025000
8025000
8025000
8025000
8025000
8025000
8025000
8025000
8025000
8025000
8025000
7725000
7725000
7725000
7725000
7725000
7725000
7725000
7725000
7725000
7725000
7725000
7725000
7725000
7725000
7725000
7725000
7725000
7725000
7725000
7725000
7725000
7725000
7725000
7725000
7725000
7725000
7725000
7725000
7725000
7725000
7725000
7725000
7725000
7725000
7725000
7725000
7725000
7725000
7725000
7725000
7725000
7725000
7725000
7725000
7725000
7725000
7725000
7725000
7725000
7725000
7725000
7725000
7725000
7725000
7725000
7725000
7725000
7725000
7725000
7725000
7725000
7725000
7725000
7725000
7725000
7725000
7725000
7725000
7725000
7725000
7725000
7725000
7725000
7725000
7725000
7725000
7725000
7725000
7350000
7350000
7350000
7350000
7350000
7350000
7350000
7350000
7350000
7350000
7350000
7350000
7350000
7350000
7350000
7350000
7350000
7350000
7350000
7350000
7350000
7350000
7350000
7350000
7350000
7350000
7350000
7350000
7350000
7350000
7350000
7350000
7350000
7350000
7350000
7350000
7350000
7350000
7350000
7350000
6150000
6150000
6150000
6000000
6000000
6000000
6000000
6000000
6000000
6000000
6000000
6000000
6000000
6000000
6000000
6000000
6000000
6000000
6000000
6000000
6000000
6000000
6000000
6000000
6000000
6000000
6000000
6000000
6000000
6000000
