10393292756624080
602457025521600
602457025521600
547326025562560
303979225527360
252810000543520
215502400603440
215502400603440
179694025352080
124099600603200
49561600540320
49561600540320
49561600540320
45024100606560
44689225613200
29106025607440
29106025607440
27510025612640
27510025612640
24552025632800
17222500626480
17222500626480
14630625593280
14025025624960
14025025624960
14025025624960
14025025624960
14025025624960
14025025624960
14025025624960
14025025624960
14025025624960
14025025624960
14025025624960
10595025593520
10595025593520
10595025593520
10595025593520
10595025593520
10595025593520
10595025593520
10595025593520
10595025593520
10595025593520
10595025593520
10595025593520
10595025593520
10595025593520
10400625581680
10400625581680
10400625581680
10400625581680
10400625581680
10400625581680
10400625581680
10400625581680
10400625581680
10400625581680
10400625581680
9060100504800
9060100504800
9060100504800
9060100504800
9060100504800
9060100504800
8555625612720
8555625612720
8555625612720
8555625612720
8555625612720
8555625612720
8555625612720
7535025504160
7535025504160
7182400576480
7182400576480
7182400576480
7182400576480
7182400576480
7182400576480
7182400576480
7182400576480
7182400576480
7182400576480
7182400576480
7182400576480
7182400576480
7182400576480
7182400576480
7182400576480
7182400576480
7182400576480
7182400576480
7182400576480
7182400576480
7182400576480
7182400576480
7182400576480
7182400576480
7182400576480
7182400576480
7182400576480
