2136519506551760
1159402500538160
1159402500538160
817674025600880
570493225478000
570493225478000
351000225313600
345960000552000
100600900290960
100600900290960
100600900290960
100600900290960
66504025132320
66504025132320
39879225300560
29484900294160
29484900294160
29484900294160
14364100451360
14364100451360
14364100451360
14364100451360
14364100451360
14364100451360
14364100451360
14364100451360
14364100451360
12390400442480
11055625382960
11055625382960
11055625382960
11055625382960
11055625382960
11055625382960
11055625382960
11055625382960
10758400592480
10758400592480
10758400592480
10758400592480
10758400592480
10758400592480
10758400592480
10758400592480
10758400592480
9610000381680
9610000381680
9610000381680
9610000381680
9610000381680
9610000381680
9610000381680
9610000381680
9610000381680
9610000381680
9610000381680
9610000381680
9610000381680
9610000381680
9610000381680
9610000381680
9610000381680
9610000381680
9610000381680
9610000381680
9610000381680
9610000381680
9610000381680
9610000381680
9610000381680
9610000381680
9610000381680
9610000381680
9610000381680
9610000381680
9610000381680
9610000381680
9610000381680
9060100312720
9060100312720
9060100312720
9060100312720
9060100312720
9060100312720
9060100312720
8468100351520
8468100351520
8468100351520
8094025392400
8094025392400
8094025392400
8094025392400
8094025392400
8094025392400
8094025392400
8094025392400
8094025392400
8094025392400
8094025392400
8094025392400
8094025392400
8094025392400
