142298450276600
103124025305520
30969225537200
30969225537200
22372900472480
22372900472480
22372900472480
22372900472480
18879025343360
14175225473680
14175225473680
14175225473680
14175225473680
9672100315360
9672100315360
9672100315360
9672100315360
9672100315360
9672100315360
9672100315360
9672100315360
9672100315360
9672100315360
9672100315360
9672100315360
9672100315360
9672100315360
9672100315360
9672100315360
9672100315360
9672100315360
9672100315360
9672100315360
9672100315360
9672100315360
7645225501040
7645225501040
7645225501040
7645225501040
7645225501040
7645225501040
7645225501040
7645225501040
7645225501040
7645225501040
7645225501040
7645225501040
7645225501040
7645225501040
7645225501040
7645225501040
7645225501040
7562500514640
7562500514640
7562500514640
6996025564160
6996025564160
6996025564160
6996025564160
6682225534720
6225025616160
6225025616160
6225025616160
6225025616160
6225025616160
6225025616160
6225025616160
6225025616160
6225025616160
6225025616160
6225025616160
6225025616160
6225025616160
6225025616160
6225025616160
6225025616160
6225025616160
6225025616160
6225025616160
6225025616160
6225025616160
6225025616160
6225025616160
6225025616160
6225025616160
6225025616160
6225025616160
6225025616160
6225025616160
6225025616160
6225025616160
6225025616160
6225025616160
6225025616160
6225025616160
6225025616160
6225025616160
6225025616160
6225025616160
6225025616160
6225025616160
6225025616160
