30900000
15525000
15525000
15525000
14925000
14925000
14175000
14175000
14175000
14175000
14175000
14175000
14175000
14175000
14175000
14175000
14175000
14175000
14175000
14175000
11475000
11475000
11475000
11475000
11475000
11475000
11475000
11475000
11475000
11475000
11475000
11475000
11475000
11475000
11475000
11475000
11475000
11475000
11475000
11475000
11475000
11475000
10725000
7800000
7800000
7800000
7800000
7800000
7800000
7800000
7800000
7800000
7800000
7800000
7800000
7800000
7800000
7800000
7800000
7800000
7800000
7800000
7800000
7800000
7800000
7800000
7800000
7800000
7800000
7800000
7800000
7800000
7800000
7800000
7800000
7800000
7800000
7800000
7800000
7800000
7800000
7800000
7800000
7800000
7800000
7800000
7800000
7800000
7800000
7800000
6150000
6150000
6150000
6150000
6150000
6150000
6150000
6150000
6150000
6150000
6075000
6075000
6075000
6075000
6075000
6075000
6075000
6075000
6075000
6075000
6075000
6075000
6075000
6075000
6075000
6075000
6075000
6075000
6075000
6075000
6075000
6075000
6075000
6075000
6075000
6075000
6075000
6075000
6075000
6075000
6075000
6075000
6075000
6075000
6075000
6075000
6075000
6075000
6075000
6075000
6075000
6075000
6075000
6075000
6075000
6075000
6075000
6075000
6075000
6075000
6075000
6075000
6075000
6075000
6075000
6075000
6075000
6075000
6075000
6075000
6075000
6075000
6075000
6075000
6075000
6075000
6075000
6075000
6075000
6075000
6075000
6075000
6075000
6075000
6075000
6075000
6075000
6075000
6075000
6075000
6075000
6075000
6075000
6075000
6075000
6075000
6075000
6075000
6075000
6075000
6075000
6075000
6075000
6075000
6075000
6075000
6075000
6075000
6075000
6075000
6075000
6075000
