33600000
14250000
14250000
14250000
14250000
13575000
13575000
13575000
13575000
13575000
13575000
13575000
13575000
13575000
11325000
11325000
11325000
11325000
11325000
11325000
11325000
10350000
10350000
10350000
10350000
10350000
10350000
10350000
10350000
10350000
10350000
10350000
10350000
10350000
10350000
10350000
10350000
10350000
10350000
10350000
10350000
9750000
9750000
9750000
9750000
9750000
9750000
9750000
9750000
9750000
9750000
9750000
9750000
9750000
9750000
9750000
9750000
9750000
9750000
9750000
9750000
6525000
6525000
6525000
6525000
6525000
6525000
6525000
6525000
6525000
6525000
6525000
6525000
6525000
6525000
6525000
6525000
6525000
6525000
6525000
6525000
6525000
6525000
6525000
6525000
6525000
6525000
6525000
6525000
6525000
6525000
6525000
6525000
6525000
6525000
6525000
6525000
6525000
6525000
6525000
6525000
6525000
6525000
6525000
6525000
6525000
6525000
6525000
6525000
6525000
6525000
6525000
6525000
6525000
6525000
6525000
6525000
6525000
6525000
6525000
6525000
6525000
6525000
6525000
6525000
6525000
6525000
6525000
6525000
6525000
6525000
6525000
6525000
6525000
6525000
6525000
6525000
6525000
6525000
6525000
6525000
6525000
6525000
6525000
6525000
6525000
6525000
6525000
6525000
6525000
6525000
6525000
6525000
6525000
6525000
6525000
6525000
6525000
6525000
6525000
6525000
6525000
6525000
6525000
6525000
6525000
6525000
6525000
6525000
6525000
6525000
6525000
6525000
6525000
6525000
6525000
6525000
6525000
6525000
6525000
6525000
6525000
6525000
6525000
6525000
6525000
6525000
6525000
6525000
6525000
6525000
6525000
6525000
6525000
6525000
6525000
6525000
6525000
6525000
6525000
6525000
6525000
