19725000
12225000
12225000
8325000
8325000
8325000
8325000
8325000
8325000
8325000
8325000
8325000
8325000
8325000
8325000
8325000
8325000
8325000
8325000
8325000
8325000
8325000
8325000
8325000
8325000
8325000
8325000
8325000
8325000
8325000
8325000
8325000
8325000
8325000
8325000
8325000
8325000
8325000
8325000
8325000
8325000
8325000
8325000
8325000
8325000
8325000
8325000
8325000
8325000
8325000
8325000
8325000
8250000
8250000
8250000
8250000
8250000
8250000
8250000
8250000
8250000
8250000
8250000
8250000
8250000
8250000
8250000
8250000
8250000
8250000
8250000
8250000
8250000
8250000
8250000
8250000
8250000
8250000
8250000
8250000
8250000
8250000
8250000
8250000
8250000
8250000
8250000
8250000
8250000
8250000
8250000
8250000
8250000
8250000
8250000
8250000
8250000
8250000
8250000
8250000
8250000
8250000
8250000
8250000
8250000
8250000
8250000
8250000
8250000
8250000
8250000
8250000
8250000
8250000
8250000
8250000
8250000
8250000
8250000
8250000
8250000
8250000
8250000
8250000
8250000
8250000
8250000
8250000
8250000
8250000
8250000
8250000
8250000
8250000
8250000
8250000
8250000
8250000
8250000
8250000
8250000
8250000
8250000
8250000
8250000
8250000
8250000
8250000
8250000
8250000
8250000
8250000
8250000
8250000
8250000
8250000
7950000
7950000
7950000
7950000
7950000
7950000
7950000
7950000
7950000
7950000
7950000
7950000
7950000
7950000
7950000
7950000
7950000
7950000
7950000
7950000
7950000
7950000
7950000
7950000
7650000
7650000
7650000
7650000
7650000
7650000
7650000
7650000
7650000
7650000
7650000
7650000
7650000
7650000
7650000
7650000
7650000
7650000
7650000
7650000
7650000
7650000
