3002766006569520
657922500383360
645414025638000
569776900353760
569776900353760
315240025450560
268140625206560
268140625206560
168220900482480
168220900482480
144841225526880
144841225526880
136539225623440
136539225623440
119028100488800
119028100488800
119028100488800
119028100488800
80550625193440
62489025242960
62489025242960
56927025340400
56927025340400
56927025340400
56927025340400
56927025340400
56927025340400
52272900352400
52272900352400
52272900352400
39816100501520
39816100501520
35224225127200
35224225127200
35224225127200
25806400612720
25806400612720
25806400612720
25806400612720
25806400612720
25806400612720
25806400612720
25806400612720
25806400612720
25806400612720
25806400612720
21390625529520
21390625529520
21390625529520
21390625529520
21390625529520
21390625529520
21390625529520
21390625529520
21390625529520
17935225181040
17935225181040
17935225181040
17935225181040
17935225181040
17935225181040
17935225181040
17935225181040
17935225181040
17935225181040
17935225181040
17935225181040
17935225181040
17935225181040
12215025372400
11492100342240
11492100342240
11492100342240
11492100342240
11492100342240
11492100342240
9610000250800
9610000250800
9610000250800
9610000250800
9610000250800
9610000250800
9610000250800
9610000250800
9610000250800
9610000250800
9610000250800
9610000250800
9610000250800
9610000250800
9610000250800
9610000250800
9610000250800
9610000250800
9610000250800
9610000250800
9610000250800
9610000250800
9610000250800
9610000250800
9610000250800
9610000250800
