31650000
18825000
17775000
16275000
16275000
15075000
12375000
12375000
12375000
12225000
12225000
12225000
12225000
12225000
12225000
11700000
11700000
11700000
11700000
11700000
11700000
9525000
9525000
9525000
9525000
9525000
9525000
9525000
9525000
9525000
9525000
9525000
9525000
9525000
9525000
9525000
9525000
9525000
9525000
9525000
9525000
9525000
9525000
9525000
9525000
9525000
9525000
9525000
9525000
9525000
9525000
9525000
9450000
9450000
9450000
9450000
9450000
9450000
9450000
9450000
9450000
9450000
9450000
9450000
9450000
9450000
9450000
9450000
9450000
9450000
9450000
9450000
9450000
9450000
9450000
9225000
9225000
9225000
9225000
9225000
9225000
9225000
9225000
9225000
9225000
9225000
9225000
9225000
9225000
9225000
9225000
9225000
9225000
9225000
9225000
9225000
9225000
9225000
9225000
9225000
9225000
9225000
9225000
9225000
9225000
9225000
9225000
9225000
9225000
9225000
9225000
9225000
9225000
9225000
9225000
9225000
8700000
8700000
8700000
8700000
8700000
8700000
8700000
8700000
8700000
8700000
8700000
8700000
8700000
8700000
8700000
7050000
7050000
7050000
7050000
7050000
7050000
7050000
7050000
7050000
7050000
7050000
7050000
7050000
7050000
7050000
7050000
7050000
7050000
7050000
7050000
7050000
7050000
7050000
7050000
7050000
7050000
7050000
7050000
7050000
7050000
7050000
7050000
7050000
7050000
7050000
7050000
7050000
7050000
7050000
7050000
7050000
7050000
7050000
7050000
7050000
7050000
7050000
7050000
7050000
7050000
7050000
7050000
7050000
7050000
7050000
7050000
7050000
7050000
7050000
7050000
7050000
7050000
7050000
7050000
7050000
7050000
7050000
7050000
7050000
7050000
7050000
