3309114628329080
1669948225500160
1018248100121040
430977600521680
408848400224080
408848400224080
270273600402240
270273600402240
270273600402240
240250000233280
240250000233280
150062500290720
150062500290720
150062500290720
150062500290720
91393600452720
91393600452720
46308025296400
23425600604960
23425600604960
23425600604960
23425600604960
19316025613840
19316025613840
19316025613840
19316025613840
19316025613840
19316025613840
19316025613840
19316025613840
19316025613840
19316025613840
19316025613840
19316025613840
19316025613840
17222500616240
17222500616240
17222500616240
13249600382320
13249600382320
13249600382320
10923025513760
10923025513760
10923025513760
10923025513760
10923025513760
10923025513760
10923025513760
10923025513760
10923025513760
10923025513760
10923025513760
10923025513760
10923025513760
10923025513760
10923025513760
10923025513760
10923025513760
10923025513760
10923025513760
10923025513760
10923025513760
10923025513760
10923025513760
10923025513760
10923025513760
10923025513760
10923025513760
10923025513760
9455625482880
9455625482880
9455625482880
9455625482880
9455625482880
9455625482880
9455625482880
9455625482880
9455625482880
9455625482880
9455625482880
9455625482880
9455625482880
9455625482880
9455625482880
9455625482880
9455625482880
9180900584080
9180900584080
9180900584080
9180900584080
9180900584080
9180900584080
9180900584080
9180900584080
9180900584080
9180900584080
9180900584080
9180900584080
9180900584080
9180900584080
9180900584080
9180900584080
