42300000
17025000
14775000
14775000
14625000
14625000
14025000
14025000
14025000
14025000
14025000
14025000
14025000
14025000
14025000
14025000
14025000
14025000
14025000
12900000
12900000
12900000
12900000
9300000
9300000
9300000
9300000
9300000
9300000
9300000
9300000
9300000
9300000
9300000
9300000
9300000
9300000
7800000
7800000
7800000
7800000
7800000
7800000
7800000
7800000
7800000
7800000
7800000
7800000
7800000
7800000
7800000
7800000
7800000
7800000
7800000
7800000
7800000
7800000
7800000
7800000
7800000
7800000
7800000
7800000
7800000
7800000
7800000
7800000
7800000
7800000
7800000
7800000
7800000
7800000
7800000
7800000
7800000
7800000
7800000
7800000
7800000
7800000
7800000
7800000
7800000
7800000
7800000
7800000
7800000
7800000
7800000
7800000
7800000
7800000
7800000
7800000
7800000
7800000
7800000
7800000
7800000
7800000
7800000
7800000
7800000
7800000
7800000
7800000
7800000
7800000
7800000
7800000
7800000
7800000
7800000
7800000
7800000
7800000
7800000
7800000
7800000
7800000
7800000
7800000
7800000
7800000
7800000
7800000
7800000
7800000
7800000
7800000
7800000
7800000
7800000
7800000
7800000
7800000
7800000
7800000
7800000
7800000
7800000
7800000
7800000
7800000
7800000
7800000
7800000
7800000
7800000
7800000
7800000
7800000
7800000
7800000
7800000
7800000
7800000
7800000
7800000
7800000
7800000
7800000
7800000
7800000
7800000
7800000
7800000
7800000
7800000
7800000
7800000
7800000
7800000
7800000
7800000
7800000
7800000
7800000
7800000
7800000
7800000
7800000
7800000
7800000
7800000
7800000
7800000
7800000
7800000
7800000
7800000
7800000
7800000
7800000
7800000
7800000
7800000
7800000
7800000
