9065420156692160
289680400386720
197683600531680
122102500635920
122102500635920
122102500635920
122102500635920
52417600543840
38007225285600
38007225285600
38007225285600
38007225285600
38007225285600
38007225285600
32148900601040
32148900601040
32148900601040
32148900601040
32148900601040
32148900601040
32148900601040
32148900601040
32148900601040
32148900601040
32148900601040
32148900601040
32148900601040
32148900601040
32148900601040
32148900601040
28249225139120
28249225139120
28249225139120
28249225139120
28249225139120
28249225139120
28249225139120
28249225139120
20205025615600
13690000594640
13690000594640
13690000594640
13690000594640
13690000594640
13690000594640
13690000594640
13690000594640
13690000594640
13690000594640
13690000594640
13690000594640
13690000594640
13690000594640
13690000594640
13690000594640
13690000594640
13690000594640
13690000594640
13690000594640
11868025632080
11868025632080
11868025632080
11868025632080
11868025632080
11868025632080
11868025632080
11868025632080
11868025632080
11868025632080
11868025632080
11868025632080
11868025632080
11868025632080
11868025632080
10144225515920
10144225515920
10144225515920
10144225515920
10144225515920
10144225515920
10144225515920
10144225515920
10144225515920
10144225515920
10144225515920
10144225515920
10144225515920
10144225515920
10144225515920
10144225515920
10144225515920
10144225515920
10144225515920
10144225515920
10144225515920
10144225515920
10144225515920
10144225515920
10144225515920
10144225515920
10144225515920
10144225515920
