17550000
14925000
14925000
14925000
14925000
14925000
14925000
14925000
14925000
12750000
12750000
12750000
12750000
12750000
12750000
12750000
12750000
12750000
12750000
12750000
12750000
12750000
12750000
12750000
12750000
12750000
12750000
12750000
12750000
12750000
12750000
12750000
12750000
12750000
12750000
12750000
12750000
12750000
12750000
12750000
12750000
12750000
12750000
12750000
12750000
12750000
12750000
12675000
12675000
12675000
9975000
9975000
9975000
9975000
9975000
9975000
9975000
9975000
9975000
9975000
9975000
9975000
9975000
9975000
9975000
9975000
9975000
9975000
9975000
9975000
9975000
9975000
9975000
9975000
9975000
9975000
9975000
9975000
9975000
9975000
9975000
9975000
9975000
9975000
9975000
9975000
9975000
9975000
9975000
9975000
9975000
9975000
9975000
9975000
9975000
9975000
9975000
9975000
9975000
9975000
9975000
9975000
9975000
9975000
9975000
9975000
9975000
9975000
9975000
9975000
9975000
9975000
9975000
9975000
9975000
9975000
9975000
9975000
9975000
9975000
9975000
9975000
9975000
9975000
9975000
9975000
9975000
9975000
9975000
9975000
9975000
9975000
9975000
9975000
9975000
9975000
9975000
9975000
9975000
9975000
9975000
9975000
9975000
9975000
9975000
9975000
9975000
9975000
9975000
9975000
9975000
9975000
9975000
9975000
9975000
9975000
9975000
9975000
9975000
9975000
9975000
9975000
9975000
9975000
9975000
9975000
9975000
9975000
9975000
9975000
9975000
9975000
9975000
9975000
9975000
9975000
9975000
9975000
9975000
9975000
9975000
7575000
7575000
7575000
7575000
7575000
7575000
7575000
7575000
7575000
7575000
7575000
7575000
7575000
7575000
7575000
7575000
7575000
7575000
7575000
7575000
7575000
