0
60000000
11700000
11700000
11700000
11700000
11700000
11700000
11700000
11700000
11700000
11700000
11700000
11400000
11400000
11400000
9975000
9975000
9975000
9975000
9975000
9975000
9975000
9975000
9975000
9975000
9975000
9975000
9975000
9975000
9975000
9975000
9975000
9975000
9975000
9975000
9975000
9975000
9975000
9975000
9975000
9975000
9975000
9975000
9975000
9975000
9975000
9975000
9975000
9975000
9975000
9975000
9975000
9975000
9975000
9975000
9975000
9975000
9975000
9975000
9975000
9975000
9975000
9975000
9975000
9975000
9975000
9975000
9975000
9975000
9975000
9975000
9975000
9975000
9975000
9975000
9975000
9975000
9975000
9975000
9975000
9975000
9975000
9975000
9975000
9975000
9975000
9975000
9975000
9975000
9975000
9975000
9975000
9975000
9975000
9975000
9975000
9975000
9975000
9975000
9975000
9975000
9975000
9975000
9975000
9975000
9975000
9975000
9975000
9975000
9975000
9975000
9975000
9975000
9975000
9975000
9975000
9975000
9975000
9975000
9975000
9975000
9975000
9975000
9975000
9975000
9975000
9975000
9975000
9975000
9975000
9975000
9975000
9975000
9975000
9975000
9975000
9975000
9975000
9975000
9975000
9975000
9975000
9975000
9975000
9975000
9975000
9975000
9975000
9975000
9975000
9975000
9975000
9975000
9975000
9375000
9375000
9375000
9375000
9375000
9375000
9375000
9375000
9375000
9375000
9375000
9375000
9375000
9375000
9375000
9375000
9375000
9375000
9375000
9375000
8925000
8925000
8925000
8925000
8925000
8925000
8925000
8925000
8925000
8925000
8925000
8925000
8925000
8925000
8925000
8925000
8925000
8925000
8925000
8925000
8925000
8925000
8925000
8925000
8925000
8925000
8925000
